2.9654220270435308, -11.999946823700665
2.965815295779384, -12.000003407308688
2.966227285198642, -12.000012916558465
2.966658804612505, -12.000016909980308
2.9671081822258327, -12.000028417717665
2.9675934227947423, -12.00007156710823
2.9680880663160827, -12.000154412973403
2.9686079359929134, -12.000248927446195
2.9691615030335616, -12.000298020249952
2.969772016709942, -12.000321208554986
2.9704466907017695, -12.000332868490194
2.9712251120270725, -12.000399786200111
2.972110912151084, -12.00048942821622
2.9731370912245914, -12.000612154047737
2.9743249741108935, -12.00074513564981
2.975693928189194, -12.000864133242896
2.9772711416093123, -12.000990293228067
2.9790755334677677, -12.001090601184655
2.9811347442824623, -12.001258477802422
2.9834338730121828, -12.00147257920638
2.985997148135781, -12.001742980429645
2.9888516125679985, -12.002010539780551
2.9919986435963244, -12.002244606746427
2.995446801208672, -12.002488195167455
2.9991961957605717, -12.002779313922373
3.0032805889206995, -12.003155141887266
3.007686517003526, -12.003589280506302
3.012436283137879, -12.004010137817152
3.017546407890349, -12.004420707493981
3.023047352602384, -12.004904311827712
3.028877441151863, -12.00545978057416
3.0350857050205384, -12.006112732634557
3.0416666707693794, -12.00679437766094
3.0485155824208023, -12.007391053544206
3.0555478162735894, -12.007884639262695
3.0627619453650565, -12.008372175218556
3.0701822276853536, -12.008985316604232
3.078429523387371, -12.009741406046553
3.086921600168225, -12.010201647738457
3.095529711378703, -12.01043028700406
3.1044482451133675, -12.010884813242361
3.1137303740529507, -12.011695223951211
3.123397681943382, -12.01264016740021
3.1334619649808335, -12.01355010979506
3.143931452108235, -12.014411791621386
3.154797114540752, -12.015343132924583
3.1660493285919658, -12.016312260407558
3.1776870507192414, -12.017325280040033
3.1897087918888283, -12.018355695396338
3.202113232977336, -12.019406022983953
3.2149139628846104, -12.020440295634645
3.2280816740338163, -12.021542736836217
3.2416356632843164, -12.022704939154789
3.255574267283822, -12.023927322029573
3.269899072724967, -12.025173279128847
3.2846074991617837, -12.02640953762706
3.2996976999119854, -12.0276672171466
3.3151838463953207, -12.0289334965984
3.3310388695876028, -12.030277028525354
3.3472808420758318, -12.031654833013317
3.363905968332684, -12.033072238832093
3.3811253166771165, -12.034556333053578
3.398875315510964, -12.036169798539097
3.4167106559564275, -12.037698156352047
3.434740187247206, -12.039118583217215
3.4530621834814257, -12.040532638835845
3.4716609468739006, -12.041981772009558
3.490781737881716, -12.043444765865582
3.5105162986260066, -12.045051174827202
3.530592999709412, -12.046922618514927
3.5510256253720094, -12.048887171425433
3.5718413809102096, -12.050644737245003
3.593041569750159, -12.052227144635355
3.6146246706254628, -12.053887798730182
3.6365936437041855, -12.055751532680562
3.658940413882879, -12.057688547798888
3.681674765101538, -12.059596160661425
3.704789551741829, -12.061458609256364
3.7282840949449576, -12.06338604994896
3.7521644421918725, -12.06536579186736
3.776429197972186, -12.067408548364286
3.8010801550064537, -12.069481207572412
3.8261149647989634, -12.07154248539554
3.8515314172983524, -12.073616768441832
3.877343089473122, -12.075696720361172
3.9035244411206693, -12.077851711345657
3.9300905489261853, -12.080048934274984
3.957041655502097, -12.082304305385062
3.984378492131017, -12.08458238785919
4.012098790757109, -12.086853360379221
4.040200972715287, -12.089145694933151
4.068698717970846, -12.091441910862667
4.097565282635553, -12.093812214529843
4.126818339478205, -12.096218773937629
4.156454654641728, -12.098667109951265
4.186475933193388, -12.101155409694435
4.216881685684587, -12.10365692581351
4.2487986597605, -12.106108403616906
4.280592784261287, -12.108363134185812
4.312217221355331, -12.110848379971163
4.343980592961651, -12.11364825959445
4.37646505745274, -12.116544166012288
4.409673455197899, -12.119437399266923
4.44270514826106, -12.122056506298708
4.475993080704338, -12.124533020402346
4.509671493714239, -12.127172094189033
4.543742226614332, -12.130057049256529
4.5781946340806705, -12.133036464833754
4.613021276910489, -12.13598024549299
4.648242305222515, -12.138854596549525
4.68384211691068, -12.141723486015254
4.7198357403422015, -12.144709680978723
4.756203094715394, -12.147745608352471
4.792954694582734, -12.150806947841687
4.8300895604763285, -12.153886594064593
4.867607483289224, -12.156995897337087
4.90554119659923, -12.160148343344732
4.943978328497694, -12.163352067638389
4.982819678094558, -12.166591473642288
5.022042253952478, -12.16980330309637
5.061641835792948, -12.173052198996693
5.101638362965561, -12.176389587246184
5.14200707220706, -12.179772240135353
5.182760707722465, -12.183188204042997
5.223897749493121, -12.18660735662262
5.265416553979949, -12.190043414809816
5.307318062334036, -12.193482086517836
5.349599159372874, -12.196983380905722
5.392278452945861, -12.200543250987334
5.435328596300011, -12.204145534717236
5.478735157739432, -12.207781043938699
5.522530573938662, -12.21141118089804
5.566812839972603, -12.21512601371107
5.611261143564321, -12.218967810949211
5.656078440726181, -12.222784997511816
5.701293236100301, -12.226454642622162
5.746889804196202, -12.230028246549406
5.792885832727012, -12.233723204823894
5.839415977150623, -12.237681721731116
5.886432509610615, -12.241959162487165
5.933276985213724, -12.246135859507119
5.980298579298283, -12.249884450343979
6.027701778179913, -12.253541104700245
6.075443149251822, -12.257389399553281
6.1235779867352775, -12.26142755405485
6.172937635435975, -12.265513085461896
6.222811272372582, -12.269307305892326
6.2722340760362325, -12.27325364623534
6.321959445026474, -12.277661882145052
6.372018894741934, -12.28213384288306
6.422434945626055, -12.286326987354771
6.473228972408134, -12.290351640716827
6.524426228806579, -12.29445403573371
6.575992736807857, -12.298763099969214
6.627896144718293, -12.303185688910911
6.68018987206837, -12.307605975570034
6.732864764218359, -12.311943654535145
6.7863301277930725, -12.316302931297177
6.8397689007911575, -12.320696193636158
6.8941619366299625, -12.325457555805436
6.949286384416001, -12.330504683195361
7.004221467030956, -12.335174738487366
7.058933728227798, -12.33944440708686
7.113927038642953, -12.343795848982655
7.1696552928217985, -12.348556425508976
7.225564494215385, -12.35357637099316
7.281957943378067, -12.358559869588806
7.338708738676579, -12.363292990971196
7.395817262354953, -12.367906564622816
7.4533100156076095, -12.37264087430716
7.511306041053983, -12.377565104573128
7.570426571105288, -12.382772591996243
7.629932101967826, -12.38775019235335
7.689195367348607, -12.392461394807635
7.748213194139835, -12.397266797930168
7.807729459028335, -12.402375036291254
7.867979824084199, -12.407557591418788
7.928517213969307, -12.412666016400891
7.9897542869627225, -12.417934947846447
8.051047195577858, -12.423214375551714
8.112701413710742, -12.428383583017682
8.174731248816622, -12.433526115248698
8.237142156217805, -12.438777773274731
8.299938290725883, -12.444102776948517
8.36389686026279, -12.44950028375774
8.428430851303629, -12.454844967481135
8.492765866615342, -12.460349028294278
8.556886725039734, -12.465884116624753
8.621359536650523, -12.471365635453965
8.686479215692048, -12.476869822302712
8.752067413288984, -12.482478716749869
8.817974661049641, -12.48793557369358
8.884203745972014, -12.4933176943297
8.950793457676465, -12.4988625790132
9.017611091792268, -12.504571982647263
9.084982130093465, -12.510390195034326
9.15271737370912, -12.516298316800652
9.22080370752066, -12.522151703457654
9.289272457192114, -12.527892634381972
9.358117070410994, -12.533588818099986
9.427351495446313, -12.539440595800215
9.496938992235101, -12.545422793478162
9.566883556670232, -12.551419279356187
9.637152677341145, -12.557347596451857
9.708113089244144, -12.56337710065135
9.779204552084966, -12.56960844722226
9.85073882113022, -12.575956868438693
9.922631850690069, -12.582173378385072
9.994952078094089, -12.588157258152616
10.067646632741914, -12.594081863933432
10.140724820266517, -12.600201420414162
10.214158898760353, -12.606491120459212
10.288244999703032, -12.612924771134146
10.3620301325698, -12.619264380417201
10.435925633291067, -12.625467429250211
10.510625300407467, -12.631536035717115
10.586687433268859, -12.637479729424683
10.662193219619606, -12.643424371360627
10.737624465528887, -12.649788953295754
10.81339382548929, -12.656506395235246
10.889584742877977, -12.663375297099188
10.96612993468184, -12.670160822109699
11.043054484280505, -12.676867799930116
11.120349935785923, -12.683636706474172
11.198154219269146, -12.690508456221503
11.276175884339423, -12.697253185113228
11.355352232674596, -12.704254343948325
11.434477985693992, -12.711570338610798
11.513543334619897, -12.71891313459432
11.59309371207291, -12.726207081238986
11.672968543504554, -12.733369776519156
11.752849930498162, -12.740458747064373
11.83269509023413, -12.747706981554089
11.91250743918573, -12.755132582870491
11.992470085017747, -12.762640035587681
12.072198007423093, -12.77012583717454
12.151899661424757, -12.77769236970189
12.231575546925619, -12.785334917588816
12.31117351324012, -12.79307845256948
12.390689987611724, -12.80094711983357
12.470071014372433, -12.808913689438866
12.54933212097918, -12.816969828513537
12.62848507248105, -12.825168844119293
12.707559863191618, -12.833521856711899
12.786519957880591, -12.841998255943023
12.86539742363667, -12.850641086223142
12.944199246054946, -12.859494619075901
13.02289872540814, -12.86858037359056
13.101452648114785, -12.877918188400564
13.179727238029034, -12.887558763583499
13.258086118382492, -12.897502483539666
13.335980341505298, -12.907595549919249
13.413762123879232, -12.917861607083491
13.491589345472894, -12.92824943952674
13.569239531787025, -12.938975066761573
13.646702664593725, -12.95056959838273
13.72404070649733, -12.962816472607296
13.801172347151295, -12.975346192813799
13.87821870179561, -12.988133946798772
13.954763706028125, -13.001140291532922
14.030959891365447, -13.014309206592113
14.107370257925803, -13.027422291555654
14.183829295802525, -13.040388644230664
14.26003837004508, -13.053784621443887
14.33597682055574, -13.068209719225054
14.411716771126722, -13.08364966856096
14.487427922798128, -13.099798367354044
14.562833654797304, -13.116293465238535
14.637924127465393, -13.132947614554212
14.712460742700744, -13.149862210521437
14.787185813458434, -13.167293643796354
14.861768713063253, -13.185001585005338
14.935826272303766, -13.203029970408224
15.01004838884576, -13.221433707889354
15.08405395108907, -13.240037155173127
15.157758515762817, -13.25934383598902
15.23126769449161, -13.279534249780488
15.304407809899391, -13.300352616693557
15.377286483542216, -13.321818153667465
15.449952298287803, -13.343694452769885
15.52230623560554, -13.36600246914531
15.594400940439517, -13.388802530384275
15.666210123719363, -13.412106056710035
15.737756831848747, -13.43595775909406
15.809060127827962, -13.46034018339105
15.880080487312268, -13.485206554959998
15.950850500929798, -13.510541613197361
16.02132597632261, -13.536382419978429
16.091548542946406, -13.562762965325057
16.1614803077332, -13.589646926764612
16.231131192946073, -13.617044386653863
16.3004883238859, -13.64496737314838
16.36955606407646, -13.673421919467819
16.43832206632022, -13.702406373972366
16.506535934426417, -13.731647155457477
16.57501034526648, -13.761321157855502
16.643326853313503, -13.790808524093261
16.711072923097664, -13.820872680422811
16.778748067926514, -13.852364980353912
16.84605377306134, -13.884227408391617
16.912977669371447, -13.916562913684011
16.980144117286123, -13.949447456808462
17.046914961070865, -13.982595396559676
17.113750138545836, -14.016352617899546
17.180649179773976, -14.05032581025243
17.247015451885368, -14.084874595986523
17.313492779711012, -14.12101426795141
17.379859585844596, -14.15735723669668
17.445480544739414, -14.19352211091111
17.51099892193426, -14.230665932694823
17.576331218467768, -14.268518797593087
17.641609268787807, -14.306933952458726
17.706546677060715, -14.345385603337032
17.77132498131379, -14.384084213114752
17.835966900144903, -14.423025146565815
17.900209342258332, -14.46199162923241
17.964970465033915, -14.501470972693522
18.029529087841127, -14.540682450846095
18.093853780402675, -14.580343923865467
18.158321311910825, -14.620553472839225
18.22263636687217, -14.660723606555585
18.286782124969925, -14.701017850271855
18.350943838562298, -14.741518954829818
18.415055419253868, -14.78205096929079
18.479217451241936, -14.822584012497671
18.543398963730333, -14.86305345379551
18.607615774997942, -14.903557037424033
18.671886493714712, -14.94408187426148
18.736211283779085, -14.984597773197686
18.800591785578213, -15.02503530341876
18.86498543187947, -15.065408474911944
18.92935708571854, -15.105752963914512
18.993924064154747, -15.146280489580976
19.05821282924194, -15.186437318734578
19.122387599560266, -15.226634879242166
19.186640701629617, -15.266976188115072
19.25090212780006, -15.307203513318338
19.315192236310445, -15.34733903506181
19.379492561519466, -15.387428193520638
19.443820696057017, -15.427502727284585
19.508185353287463, -15.46748515019085
19.57253349055634, -15.50733805805052
19.636879189102387, -15.547202092912663
19.701247512036264, -15.58700934513622
19.765596557335968, -15.626689740921849
19.830373491963957, -15.666661473120136
19.894747003800493, -15.706093791708257
19.958912457561038, -15.745574681275421
20.02315047777569, -15.785197772721682
20.087033353893727, -15.824252591981548
20.151233382605817, -15.863777979990175
20.215569613827984, -15.903250294898871
20.279665816117944, -15.942421910741285
20.34378997848518, -15.98181504568201
20.407926827991744, -16.02127616610776
20.472141304411092, -16.06069778571471
20.53620637987343, -16.099934858496685
20.600149735043633, -16.13923697697296
20.664116799530614, -16.178699149599595
20.7279825586431, -16.21810186777887
20.791812891348066, -16.257430726890092
20.8556029060357, -16.296787277190386
20.91947532798286, -16.336338418267044
20.983202017317865, -16.375763007517122
21.04674639904289, -16.41514965798812
21.110322451511568, -16.45472507521082
21.173879786999958, -16.49431929648221
21.237446797666436, -16.533890289021755
21.30093589121875, -16.57344164679556
21.36432035074032, -16.613007591213666
21.427551278449425, -16.652492332150324
21.49103488949233, -16.69232684876373
21.554377572152635, -16.73198641992315
21.617676912203745, -16.771671657653474
21.680962130101673, -16.81142718044076
21.744147619755434, -16.851123644272953
21.80728624658164, -16.890933910765668
21.87043022697211, -16.930744917009594
21.933503993009687, -16.970500844023388
21.996581417300167, -17.01025884452954
22.05961563922962, -17.050008617572423
22.122578176147595, -17.089812401649592
22.185285814102016, -17.12936198444311
22.24788793555568, -17.169049240910088
22.31069028545839, -17.209148055847795
22.373553699536707, -17.249111067793574
22.436310433500847, -17.28884347259589
22.499089009929992, -17.32866594417279
22.561707087766774, -17.368430118031647
22.624451509023164, -17.408373800447354
22.68714815764979, -17.44820613898807
22.749832357451997, -17.48798433615308
22.812492820053205, -17.527779351153775
22.875131217064826, -17.56753314278964
22.937395650055596, -17.607141670808964
23.000058689781714, -17.647212835192246
23.06260572021418, -17.686843530303396
23.12494301443164, -17.726536767745227
23.187376603252236, -17.766546987969292
23.249700479928958, -17.806392966356416
23.311988071432935, -17.846178968856343
23.37388257065821, -17.88577854612758
23.436031412048333, -17.92591858914944
23.498323963513826, -17.965901964408985
23.560389117032056, -18.005583683306938
23.62245229940367, -18.045550648508854
23.6845235502474, -18.085664379784948
23.746533840101606, -18.125631106533202
23.808435050326704, -18.16553774570198
23.87033405677653, -18.20555503179619
23.932193477989497, -18.24557160284538
23.993977697783123, -18.285605680108553
24.055753818006124, -18.32570587428092
24.11753804406083, -18.36576780193964
24.17927736331373, -18.40573419694659
24.24095161651016, -18.44575811014227
24.302633315868064, -18.48587050723744
24.36425940678851, -18.525953857183687
24.425825067543048, -18.566049713749187
24.487367690576846, -18.606203407443985
24.548867875467185, -18.646330809658952
24.61025632486767, -18.686452381877842
24.671620607808915, -18.72667484658088
24.732898642377393, -18.766830682390903
24.794029593806243, -18.806990376744523
24.855071143291447, -18.84729245803839
24.91596755083282, -18.887629956167917
24.97670839856305, -18.928052751313203
25.037315963287345, -18.968570863099877
25.097757368832948, -19.009173176533988
25.158000819066498, -19.049903794866655
25.218096703104262, -19.090828984161003
25.278040588915136, -19.131883400467302
25.33781383845702, -19.173098777231548
25.397422984791707, -19.214560090701355
25.456887045516492, -19.25623387554703
25.516172313933993, -19.298074514207396
25.575267826051668, -19.340138236503208
25.634218868023044, -19.382428693713823
25.692993512851682, -19.4248952845779
25.75158775393446, -19.467521726929018
25.809966960129177, -19.510335771969597
25.868175826282716, -19.553362900351196
25.92620010903051, -19.596550912256227
25.984021034779467, -19.63991286036478
26.041757964787692, -19.68357935173318
26.099285110766882, -19.727356528949148
26.156463839374243, -19.77127634211906
26.213328804731063, -19.815499838961802
26.269973609819314, -19.86011404238169
26.32663300265931, -19.905024106227636
26.383140816493484, -19.94980807659236
26.439412846020563, -19.99466106117644
26.495457405041353, -20.039888534631192
26.551305185926218, -20.085420610388212
26.6069252610929, -20.131079577498237
26.662315247087857, -20.1769504615454
26.717523334778605, -20.22306706742065
26.7725217506192, -20.269372409739578
26.82731112653912, -20.315867638403976
26.881887059657345, -20.362581215310282
26.936252604136477, -20.40952521564092
26.990410921528973, -20.456657574405142
27.04436318858034, -20.50398167109169
27.09808032095831, -20.551518957504662
27.151592277297894, -20.599280050886442
27.20486001165329, -20.647197462085835
27.257885913095716, -20.69529025044054
27.310649103533496, -20.743550791998416
27.36312297252338, -20.791971605642814
27.415288290643833, -20.840587667209665
27.467173578248147, -20.889381279627568
27.518736279931527, -20.938317752501966
27.569958522054616, -20.98745115273653
27.620866201896416, -21.03680346118308
27.67142548409329, -21.086316812470898
27.721629851953338, -21.13603560557916
27.77146882874193, -21.185942823126634
27.82090729984333, -21.2360691221034
27.869991511457965, -21.286398258388488
27.918647025229696, -21.336889597414512
27.966889090252277, -21.387614267720885
28.014691317427445, -21.438559987813925
28.06206380869477, -21.489719809837748
28.109005814074035, -21.5410698066815
28.155512442463866, -21.59260986086634
28.201535694307385, -21.644345436942587
28.247065180597353, -21.696352493890647
28.292131765390643, -21.74854876864883
28.336706649069075, -21.80091351935339
28.380766709249933, -21.85349326785289
28.42431947125581, -21.906260134630315
28.467489417939106, -21.959027124656277
28.51032012551319, -22.01176867166992
28.552762074726203, -22.06457598712346
28.59467250270465, -22.117624756453544
28.635962728459997, -22.171018856663597
28.676597659352947, -22.224773617716615
28.716518336482803, -22.27889518324158
28.755795746694716, -22.333433439172772
28.79449576269407, -22.388163353492303
28.832431172858126, -22.442753221139846
28.869880679470718, -22.497845182194315
28.90692539614553, -22.55314025813122
28.943321893882274, -22.608671172505876
28.979241313855596, -22.664625220072196
29.014650003617845, -22.720622558232215
29.049425072167594, -22.776948562717475
29.083619984371733, -22.833563826541788
29.11728151345054, -22.89036612322404
29.150391187176112, -22.94736206323234
29.182924226423584, -23.00460631207374
29.214890339684228, -23.062070220507728
29.24630330946002, -23.119773090813755
29.27714832978186, -23.177725087978004
29.30741777925977, -23.23597519104375
29.337041334420324, -23.29436228774688
29.36605706789925, -23.35300527419342
29.394618937529163, -23.411880104387258
29.422836071385273, -23.470904788038887
29.45063353283654, -23.53003349438708
29.47777126377054, -23.58943863907551
29.504148443010816, -23.649183838324788
29.529848419984006, -23.70937608202743
29.55503419016758, -23.77016623389825
29.57978472782276, -23.83141080847328
29.603978084945464, -23.89309776276728
29.627530860621437, -23.95530249995531
29.65054318389461, -24.019495486177384
29.67318544169711, -24.08298721959335
29.69454797142114, -24.146031050833273
29.715474555650726, -24.209612737976148
29.73678583374293, -24.272771254546807
29.758226108185273, -24.33560744688032
29.77930432560077, -24.39841874951835
29.79979159362477, -24.461287312943043
29.81980542510979, -24.524118212637656
29.839573963464414, -24.586767610758766
29.85908348227981, -24.649244086215788
29.87824421873897, -24.711603413633117
29.89701923400415, -24.77383933043319
29.915413276964703, -24.835941544506813
29.933459559686703, -24.89788161854989
29.951177560885487, -24.95965238460153
29.968570127589107, -25.021261117345514
29.98564336274309, -25.082690462325743
30.002396830070516, -25.1439529246091
30.018843191606383, -25.205031811339335
30.035009804606187, -25.26593030468699
30.050879054332476, -25.32664736104497
30.066446183585963, -25.38717760854114
30.081752360790254, -25.44752382445429
30.09679130312944, -25.507680052325817
30.11155135404983, -25.567659071317955
30.126059895308472, -25.62746421938591
30.14032592633887, -25.687107638342194
30.154351236473946, -25.746584461822238
30.168143118000152, -25.805913656842208
30.181695953803654, -25.865107713043756
30.195029338318683, -25.924179268683307
30.20824629523578, -25.985159632641263
30.222683069916833, -26.049128079230254
30.23709022346324, -26.11315015023046
30.250441354404426, -26.177297615504028
30.26320209777124, -26.239890417952306
30.27512543209191, -26.29695070009139
30.28745311209323, -26.35597497501652
30.301250981008586, -26.415166005017696
30.315697948872625, -26.474221011682754
30.329229684738287, -26.53361734403451
30.342082763388593, -26.59318655000322
30.355203021035564, -26.65268950561026
30.36885639663597, -26.712075962091593
30.382612489323083, -26.771496213246394
30.396201119625232, -26.831088132316417
30.409766832141603, -26.89136702043965
30.423626377895935, -26.95185382831111
30.437756913736806, -27.01249652940269
30.451960404577022, -27.073330168574014
30.466147346677086, -27.134331609583132
30.480340456527006, -27.195467849413216
30.494595560119215, -27.25672980086831
30.508932989097712, -27.31811010304164
30.52334138416255, -27.379615837155562
30.537800600687632, -27.44125267764137
30.552307933507866, -27.50302154368744
30.566852349339797, -27.564928885573742
30.581407811353543, -27.627949451335127
30.595889905019185, -27.692319195873075
30.610255309820324, -27.75712582558338
30.624580468381605, -27.822337357744388
30.63895932310159, -27.88797180358878
30.653412121467397, -27.95405259377281
30.66753866091418, -28.018098786886416
30.67851839159954, -28.082113053821963
30.686232649174368, -28.147393681827523
30.69376966776837, -28.212734773636726
30.70358666506338, -28.277401427653107
30.71471288828277, -28.3416472937517
30.725541431770303, -28.405993045970124
30.735772259214304, -28.47045984126489
30.746041060938673, -28.534901788301518
30.756711895808376, -28.599242800815933
30.767641113097007, -28.66342781144003
30.7785124719834, -28.72760417452501
30.78919658583969, -28.79183094126592
30.799823298728594, -28.856054413169637
30.81045988103699, -28.920277700386695
30.82117586086884, -28.98447779241656
30.831908628894617, -29.048675543513475
30.842656982562104, -29.112868106118974
30.85339615767321, -29.177059594060587
30.864106897379806, -29.241256023678005
30.874771919445354, -29.3054581661333
30.88544545005303, -29.369664099383506
30.89616468345452, -29.43384954455057
30.906919533013433, -29.498026827016794
30.917633113581378, -29.56221512935466
30.928297878109774, -29.626415203699203
30.939016037122574, -29.690597972174135
30.949728783549848, -29.75484538072291
30.9604866655591, -29.819143727832035
30.97125071288606, -29.883504574715186
30.982053034851106, -29.94792353828525
30.99287888438861, -30.012406681737705
31.003696620508638, -30.07696354293504
31.014485890867896, -30.141421480569917
31.02513033106387, -30.205857143595054
31.035613948007413, -30.270297004949416
31.04608368515359, -30.33472765965567
31.056623554325853, -30.399142016603378
31.06723832562809, -30.46354091061655
31.077840981817758, -30.527942169507867
31.088397330833992, -30.59231340040389
31.098924061097705, -30.656625000321768
31.10938828779563, -30.721002516142764
31.120305196702045, -30.786588643064103
31.132223234758463, -30.852377506316763
31.144344103368265, -30.91847557638463
31.156018059980042, -30.984559308764062
31.16722903884767, -31.050696612288487
31.17841159217993, -31.117086949488957
31.18991837229019, -31.18370465867357
31.20173981236458, -31.250350201981338
31.21344583513723, -31.317422646090613
31.22466609381472, -31.385055460415444
31.235651438222657, -31.45312466424706
31.246892938409804, -31.521495251781285
31.258478684009408, -31.59014337342893
31.27017488831843, -31.659122138469503
31.281818736399234, -31.728447697416193
31.293404058340823, -31.798100993423777
31.305034971611157, -31.868064191195334
31.316749092204343, -31.938327011272033
31.328514749494172, -32.0089040548208
31.34035653645464, -32.07979168059654
31.352251274075336, -32.15098934995923
31.364169096437728, -32.22250159219861
31.376120399543222, -32.294331159235455
31.388145303695794, -32.366474172087
31.40023680784029, -32.43896165173584
31.412386478526297, -32.511866202391694
31.424576028368655, -32.58517793622868
31.43685048775067, -32.658860101191195
31.449202786834444, -32.73291683348379
31.4616089485506, -32.8073486980253
31.47405094496521, -32.882166915754695
31.486545669337445, -32.957362563775774
31.499105987198963, -33.03293809333012
31.511735836643126, -33.108886282718096
31.52442668555868, -33.18521474510905
31.5371667005936, -33.261920758977595
31.5499666728612, -33.33900802177212
31.56283584161549, -33.41646788078201
31.575768987121855, -33.4943059944329
31.588753111853162, -33.57251947400883
31.6018005476803, -33.65111317360169
31.61493153774821, -33.72991577954097
31.628104694615928, -33.809265159216345
31.64109514891763, -33.88902848255131
31.653907547953224, -33.96908429005753
31.666959916804178, -34.04947660071965
31.680464303577516, -34.13020745344495
31.69414871283974, -34.21195753504348
31.70766894699991, -34.29432348170885
31.721074998891105, -34.3764485015752
31.734677396880695, -34.4585438971817
31.748599492786386, -34.54094964968996
31.762649319022767, -34.623689329848524
31.776650505084113, -34.70681717614378
31.790719279378756, -34.79104663349632
31.805043220767892, -34.87524059978509
31.819232980956226, -34.95952413556258
31.833269412827203, -35.04420142001706
31.84743598750744, -35.12925377749401
31.86190149016946, -35.214626926112196
31.87651237489249, -35.30038862565673
31.890974954072295, -35.387255735477325
31.90537887323644, -35.47393948340407
31.919980888168983, -35.56084684718275
31.93487116341883, -35.648080778587676
31.949884848901704, -35.735680056008825
31.96483343229724, -35.823686067092794
31.979773685814106, -35.912084763211496
31.994851145333985, -36.00084723746806
32.01017381384769, -36.090758629018254
32.02585466581717, -36.18078896546646
32.04125227560449, -36.27075151942153
32.05632422445455, -36.361067517987976
32.07153346028515, -36.451750457547476
32.087087200789774, -36.542749683686246
32.102845560869284, -36.634095396503696
32.118577020292044, -36.72583625812452
32.13421944569946, -36.81798251429234
32.14990644518013, -36.91051576985752
32.16572446186762, -37.00333945283005
32.181606033914356, -37.09668197373179
32.19772314272347, -37.19051565640568
32.213968152624965, -37.28456527556418
32.23004761230968, -37.37893833083544
32.24594987632455, -37.47357186577683
32.26189901524025, -37.56828302404738
32.27797035153781, -37.66347893421315
32.29405559326243, -37.75903706104339
32.310056494193304, -37.85490590496417
32.32607174766732, -37.951172524017615
32.3422574204086, -38.04777351647946
32.358650613110925, -38.14449194808854
32.375097017654376, -38.24199055122632
32.39169043808639, -38.33967977285748
32.40854335584714, -38.43766737436902
32.425476243076396, -38.53602692181579
32.442299061320725, -38.63478633132424
32.4590665129377, -38.733911005858126
32.47590564885764, -38.833406152098014
32.49286621000143, -38.93311041462002
32.50987032642106, -39.03351716331443
32.52675789842446, -39.13406299420782
32.543612458925764, -39.23498198122928
32.56060494351848, -39.33624413152824
32.5778275400688, -39.437839391804
32.59520648762438, -39.5397856569968
32.61267149978809, -39.642101891566355
32.63021320631578, -39.744808723721384
32.647874514767096, -39.84790936591248
32.665674140015945, -39.95137815863705
32.68356070321708, -40.055214067992345
32.70148813292658, -40.159430331134
32.71944824631995, -40.26402899366967
32.73750924510585, -40.36900007669472
32.755666054982996, -40.47433133767964
32.773900881613535, -40.58003775974282
32.7921992268821, -40.686122098993515
32.810566221952506, -40.79257852799465
32.829006323591216, -40.89941130408115
32.84752545772607, -41.00661278404198
32.86612276809644, -41.11418147114469
32.884786972680104, -41.22213162359099
32.90353180418322, -41.33045009891821
32.922340619332466, -41.439146159284526
32.94122412250808, -41.548212073537506
32.96017730018999, -41.657652644403214
32.979199968469416, -41.76746256310645
32.99830786233889, -41.877645042873326
33.01747526168321, -41.988205944667186
33.03671755573393, -42.09913625574238
33.05602387141821, -42.21044412288514
33.0754025499085, -42.32212147584656
33.09485984179225, -42.43416566394012
33.11438105141456, -42.546591350238245
33.13397751837515, -42.6593860160191
33.15363467807624, -42.77255853022984
33.173366485548684, -42.88610032946486
33.1931672129899, -43.00001622265837
33.213033401627584, -43.1143017770695
33.232980483603825, -43.22896037901152
33.252986101883764, -43.343997122623016
33.27306710653329, -43.45940250790982
33.29322372616437, -43.575181564138894
33.31343922882386, -43.691332735909135
33.33371461294726, -43.8078619270027
33.354053935055575, -43.924758003232114
33.374473493713936, -44.04202879303452
33.394964814643004, -44.15967417534715
33.415533393365926, -44.27768681049391
33.436162767189074, -44.39607618710741
33.45684340654739, -44.51483977141085
33.47759586446754, -44.633978487696865
33.4984221926621, -44.75348083054098
33.51931769922332, -44.873359732969334
33.5402853938115, -44.99361286605592
33.561318567934066, -45.11423595413909
33.58241426158191, -45.23523548875066
33.603572991803624, -45.35660592848221
33.62478975992962, -45.47835438229897
33.646083790168504, -45.60046991809494
33.66745824448172, -45.722950130145755
33.68888625515466, -45.845812785035335
33.71037908699813, -45.96904588258481
33.731950403162884, -46.092651274704785
33.7535887125513, -46.21662557419836
33.775282457836596, -46.34097755959557
33.79703483119895, -46.46570145321792
33.81885393476441, -46.59079909943633
33.840749994348734, -46.71626227183554
33.862727876870146, -46.84209625547481
33.88476319855703, -46.96830670291526
33.906863713324725, -47.09516995952557
33.9292261174999, -47.22257026785367
33.951585140719345, -47.349955445579695
33.9736815369477, -47.477460267538355
33.99560522557912, -47.60528810538721
34.01767821259185, -47.73352512869893
34.040178452081754, -47.862309297922025
34.06292961168673, -47.99146052407881
34.08557149609264, -48.12101131587108
34.1080412724015, -48.25098550882619
34.13053481494866, -48.38133900617954
34.1531956780021, -48.51204353515263
34.17601052349081, -48.643094460083155
34.19888356507813, -48.77452452554256
34.22174068254547, -48.9063370541302
34.244626336113896, -49.03853578471981
34.26760186811159, -49.171098965378775
34.29065860463087, -49.304031543012314
34.3137744116564, -49.43733229212601
34.33694175520457, -49.57101049255802
34.36015849417463, -49.70506049613109
34.383448499063114, -49.83947260492049
34.40676514671924, -49.974293538419595
34.43005046836117, -50.10958939412243
34.453294863203624, -50.2451764275285
34.47652417140137, -50.38105864670914
34.49994605983194, -50.517316103710264
34.52377515145007, -50.65394734906383
34.54788994476299, -50.79090326257381
34.5719592874896, -50.92824268368723
34.59587970794332, -51.06600837841027
34.619809003544724, -51.20415518630806
34.64389744227758, -51.34265445349888
34.668166309980634, -51.481494408888516
34.69250082208344, -51.620704174718064
34.7168382699277, -51.76030629844589
34.741225048970854, -51.90028150069019
34.76569724170603, -52.040615788000416
34.79024287111219, -52.18132320196194
34.81485843463814, -52.322402453971414
34.83954252272146, -52.463848564751125
34.864294691443945, -52.60566735081302
34.88911086236029, -52.74785362043325
34.91399342807367, -52.89041174906318
34.93894240107541, -53.03333560012722
34.963962551594385, -53.176631211145285
34.989049991951184, -53.32029930057223
35.014199713457444, -53.46433542560408
35.039415302021695, -53.60874441980748
35.064682326867704, -53.75352440245392
35.0900293621561, -53.89867416516139
35.11545106384705, -54.04418366060479
35.140931061713516, -54.1900689702721
35.16647693639271, -54.33632715643769
35.19209549708499, -54.48295050982504
35.21778288792469, -54.629945142612904
35.24352526993541, -54.77730898576065
35.269328675731416, -54.92504670646675
35.29520370326356, -55.073149987345126
35.32114209978059, -55.22162423380208
35.34714169995629, -55.37046490178314
35.37322096668217, -55.51967454185843
35.39937231099374, -55.66925420009173
35.425562672875245, -55.81937702136773
35.451716869078275, -55.96984338294165
35.47797360824277, -56.12018898926512
35.50436838116046, -56.27060405494547
35.53090212178748, -56.42139596538758
35.5574936379951, -56.572792687965034
35.58397602386472, -56.72460658222962
35.61037600897174, -56.87682482247452
35.636909215969055, -57.029394032329144
35.66363044878845, -57.18229768461503
35.69041181192772, -57.3355754821333
35.71719858337161, -57.48923105912283
35.744008947266906, -57.64326787639667
35.770870045406085, -57.79767442647348
35.79779365095912, -57.952452694688795
35.824790042043176, -58.10759428922448
35.85186052490578, -58.263103355955
35.878982167937544, -58.4189787613003
35.90615149435106, -58.57523514850963
35.933385293817096, -58.73183861741136
35.96066202579051, -58.88883195202613
35.98804396968863, -59.04627626945124
36.015642636231945, -59.20405226781737
36.04337338311498, -59.36201625150457
36.070925816101315, -59.52036601660566
36.09815508565055, -59.67923865766489
36.125380349354884, -59.8385203208721
36.15284918846843, -59.998132347800436
36.18058892665767, -60.158061670208134
36.2083902687401, -60.31835921940753
36.2361189387963, -60.47904856670693
36.26381198269201, -60.64013771679579
36.291587714609165, -60.80158189285025
36.319468630155534, -60.96339020409393
36.347418707983714, -61.1255597153145
36.37539943012071, -61.28810582129286
36.40341006395656, -61.451024947716746
36.43148971024507, -61.61431358451461
36.459630316337325, -61.77796658542625
36.487818524881156, -61.94199321562583
36.516053840948416, -62.10638842045012
36.54435392727545, -62.27115351528818
36.57271888768683, -62.43628180352124
36.601137605947116, -62.601780766000104
36.62961052802309, -62.76764864001428
36.65814604106648, -62.933883860828224
36.68672968131106, -63.100484992509934
36.715369381554304, -63.26745794514706
36.74407674825586, -63.434799785754926
36.772848470324654, -63.60250491758167
36.80167289272723, -63.77058180183899
36.830544851975475, -63.93902650886795
36.85948129451771, -64.10784089752788
36.88848712979697, -64.27701750569805
36.91755234120396, -64.44656398678057
36.94666382488536, -64.61647784107126
36.97583477994113, -64.78676137488058
37.00507764658892, -64.95740490082439
37.03438899348791, -65.12841590620313
37.063750015212506, -65.29979905620068
37.093160571564134, -65.47154928317964
37.122641536675125, -65.64366729273934
37.15219350754097, -65.81614641604723
37.18180096766198, -65.98899587097665
37.21145351289426, -66.16221314228653
37.24117055568395, -66.33579962355931
37.27096312966963, -66.50974590737833
37.3008204182653, -66.68405891952571
37.33071929936787, -66.8587381041004
37.360683666377305, -67.03378614885129
37.390726217142685, -67.20919770355054
37.42081501769408, -67.38497386974093
37.45094582727632, -67.56112207556512
37.481119357190295, -67.73763649866386
37.51133182017184, -67.91452389955124
37.54161179391702, -68.0917709307116
37.57192648596163, -68.269390259124
37.602278596682225, -68.44738152206268
37.63266501894442, -68.6257380408796
37.663090173532204, -68.80446485422854
37.69354870537935, -68.98355780954373
37.72403636927894, -69.16302380240116
37.754548105184654, -69.3428582758319
37.7850890666237, -69.52306554608639
37.815656709673675, -69.70363993320848
37.84625547289737, -69.88458985095855
37.87688063828255, -70.06590491629213
37.90751381212455, -70.24759320324632
37.93814887342275, -70.42966058043652
37.96881624647819, -70.61209975523111
37.99950377545581, -70.79490378721843
38.030198840870064, -70.97807426555703
38.06087801945386, -71.16159552850793
38.09152076046851, -71.34542648649204
38.12213555943685, -71.52956171359881
38.15268880321678, -71.71397300544746
38.18313564044052, -71.89858227517203
38.21341759747608, -72.08331676500092
38.24351608788703, -72.26817460713232
38.27344045498266, -72.4531461354937
38.303186854372136, -72.63819256076864
38.332697353877016, -72.82325934921842
38.361911365191645, -73.00829820580564
38.39074937064634, -73.19329961926125
38.4191166818609, -73.37827592891607
38.44703788862013, -73.5632137790206
38.47454544254991, -73.74810998437488
38.50163047510509, -73.93294233277837
38.52820084978032, -74.11773021897434
38.554206574419446, -74.30247422787875
38.579670748633724, -74.48715812024531
38.60456951785633, -74.67178012326079
38.62887778193289, -74.85633207878713
38.65260385238487, -75.04082127347098
38.6757515818428, -75.22522308034267
38.69824134605353, -75.40955396483785
38.720008675830414, -75.59381633062449
38.741114087266546, -75.77799162373816
38.76158652539818, -75.96206394158695
38.78139756943889, -76.14603471749315
38.80059943663395, -76.32989634668283
38.819351640892926, -76.51361104833528
38.83764821986808, -76.69717146371653
38.855287485256184, -76.88059939221353
38.87213304514214, -77.06390489453739
38.88819982936533, -77.24706999922167
38.90353907248972, -77.43008778543843
38.91816946640789, -77.61295026608418
38.93205829367679, -77.79564711137881
38.945159493076005, -77.9781827221943
38.95745956094217, -78.16054687473594
38.968963675806215, -78.34274004078776
38.97969366996418, -78.52475023641635
38.98969135291351, -78.70657300198707
38.998930209334354, -78.8882086154653
39.0073693263161, -79.06965139813785
39.0150283528028, -79.25089939563911
39.021938476542864, -79.43194713244262
39.02808449550603, -79.61279302613923
39.03344228730959, -79.79343212861905
39.03803420494781, -79.9738617052322
39.04184328434358, -80.15407915560426
39.04487566544622, -80.33408073220207
39.04706122724604, -80.51386305958907
39.04838615389462, -80.69342556060865
39.048934139212484, -80.87276170432735
39.048763642700685, -81.05186847624145
39.0479231588264, -81.2307427108511
39.046380798257964, -81.40938150494688
39.04409086202956, -81.58778157614442
39.04104874277073, -81.76593953165325
39.03727178746078, -81.94385246053895
39.03280511224526, -82.12152053644257
39.02762970696959, -82.29893783798296
39.021730226023, -82.47610240007643
39.015095109173764, -82.65301072022314
39.00770566329146, -82.8296616521648
38.99958026058398, -83.00605863860432
38.99068241245367, -83.18222386554997
38.98101266591081, -83.35819248997404
38.97061806191536, -83.53400567775908
38.95949798129379, -83.70968985967929
38.94762903841605, -83.88528584894591
38.93497675757981, -84.0608135081511
38.92152273891621, -84.23628438082127
38.90725936979557, -84.4116731073225
38.89232127410688, -84.58699106467262
38.876850968486735, -84.7622363268947
38.86100370393079, -84.9374239810686
38.84484490177811, -85.11255447830992
38.828437875727445, -85.28763035443747
38.81186226362018, -85.46266204058871
38.79520552910853, -85.63765463999066
38.778512504127505, -85.81261091491858
38.761813098005604, -85.98753771233363
38.7452239483953, -86.16243754548516
38.72877377965685, -86.33732389177067
38.71237373756637, -86.51218395352497
38.69596178119951, -86.68700638447781
38.67950137170641, -86.86179084670154
38.66297974747807, -87.03653317528163
38.64648992889559, -87.21125036519943
38.630023944888265, -87.3859344983069
38.61354658332986, -87.5605890060969
38.59706991001563, -87.7352069316027
38.58055677115554, -87.90978719822736
38.56404288213437, -88.08433858592305
38.547542843263685, -88.25885490109985
38.5310520116014, -88.43334347833246
38.514553186497814, -88.60779395740775
38.49805341964497, -88.78221167755898
38.48156267444767, -88.95660137304505
38.465086399655476, -89.13095610049626
38.448608896834244, -89.3052775245972
38.43212193448747, -89.47956929195875
38.41563868914826, -89.65382465868332
38.39916574939178, -89.82805213473777
38.38270124881634, -90.00224369139367
38.366226110493635, -90.1764017344817
38.34974921126137, -90.35053043403393
38.33328229163103, -90.52462348720596
38.31682691796931, -90.6986890116741
38.300368848960275, -90.87271729187479
38.283907815417756, -91.04671291838618
38.2674514014696, -91.22067985691716
38.25101059753367, -91.3946118737361
38.234568713212646, -91.56851077658031
38.218115075549335, -91.7423797385151
38.20166708125605, -91.91621253937527
38.18523561999476, -92.09001855753246
38.16881470420523, -92.263789106118
38.15237801247876, -92.43752560437473
38.135936264407086, -92.61123229545233
38.119509080890765, -92.78490390870773
38.10308799092167, -92.95854745074364
38.086671611598234, -93.13215451277868
38.07025197710084, -93.30572899131835
38.053837240994845, -93.47927517988938
38.037427279495134, -93.65278529611648
38.02102018490806, -93.82626680270623
38.004612476362844, -93.99971119277654
37.9882097117857, -94.17312405114671
37.97180962975017, -94.34650828276385
37.95541428494243, -94.51985642341964
37.939019414187875, -94.69317145872785
37.92262573389695, -94.86645832758656
37.90623852303135, -95.03970946600805
37.88985292397794, -95.21293179316453
37.87347162757209, -95.38611761864482
37.85708854256373, -95.55927106794448
37.84071167936716, -95.73239647886375
37.8243386238025, -95.90548578225646
37.80796700464443, -96.0785463382339
37.79159563204354, -96.25156991967809
37.77523117663428, -96.42456229782495
37.75886923863507, -96.59752613520463
37.742509942196634, -96.77045368253437
37.72615055766358, -96.94334807828216
37.70979427336572, -97.11621460025616
37.69344560592036, -97.28904563728065
37.67709693499075, -97.46184774855877
37.660750855575984, -97.63461317743798
37.64440402792379, -97.80734640258811
37.62806553748314, -97.98005193997525
37.611730636014464, -98.15272144376675
37.59539492671892, -98.32536197751729
37.57905881268837, -98.49796547129917
37.56273158167152, -98.67053805559576
37.54640815058798, -98.8430823583839
37.53008582499852, -99.0155902645261
37.513761703021665, -99.18806483709427
37.49744177698635, -99.3605117018363
37.48113159873614, -99.53292343383282
37.46482098619357, -99.70530629241317
37.44851065283684, -99.87765223385162
37.4321992808812, -100.04996595432617
37.41589852301955, -100.22225232964135
37.3996102030476, -100.39468146570199
37.38329889753288, -100.56699865743222
37.36696150105594, -100.73922480142798
37.350636588098546, -100.91130557143326
37.334390277849195, -101.0833068263874
37.318205178341564, -101.25527988313088
37.30199245331085, -101.42721329938682
37.28569866600488, -101.59910166685745
37.269399222362246, -101.7709527624296
37.253159088947065, -101.94277673452561
37.23694589705337, -102.11457525008714
37.22072771855421, -102.28639401215256
37.20445973593294, -102.45826601932905
37.188135983005836, -102.6301238050871
37.171905219936605, -102.80178234286005
37.15577455524092, -102.97339176007448
37.13959254851438, -103.14496375926457
37.123389090143995, -103.31591604452603
37.10735728298538, -103.48726912294849
37.09128148184677, -103.65869771600829
37.075038637181386, -103.83019558081564
37.058654875734, -104.00188493871917
37.04232257875517, -104.17342721045236
37.0261817320292, -104.34474074076235
37.010182193327736, -104.5160124663484
36.994099311226414, -104.6872892345936
36.97786419336611, -104.85860795668845
36.96153539169628, -105.02972498601086
36.945282311924316, -105.20081855054406
36.929138937223605, -105.3717036104154
36.91301348762807, -105.54272990323565
36.896831494340546, -105.71371333145014
36.8806191022487, -105.88465846898046
36.864422880490125, -106.05576813329048
36.84825428813184, -106.22679766264334
36.832090615419084, -106.39761858323796
36.815915478111044, -106.56839929393027
36.799769632708426, -106.73906163506267
36.7836451363661, -106.90931430448987
36.7675347933554, -107.07994465034018
36.75139021090142, -107.25056765680274
36.73525755481739, -107.42120544961249
36.719137172238405, -107.59161340786358
36.70310535004294, -107.7620617131041
36.68710371883369, -107.93259348448241
36.67099205516289, -108.10308449607696
36.654813629286444, -108.27353895645687
36.63867463487546, -108.44395681517113
36.622598400490915, -108.61436461354621
36.60653713702875, -108.78473722522703
36.590443849164814, -108.95479326825783
36.574464112920346, -109.12498828657955
36.55847648655819, -109.2952221366161
36.54239472667107, -109.4654119063709
36.52625318195538, -109.63556700112646
36.510137565226955, -109.80568750706902
36.494065183773166, -109.97579413715073
36.478019104746046, -110.14586960486558
36.461959050528876, -110.31584681711198
36.44589475351889, -110.48578519872817
36.429812869643726, -110.65569086125058
36.413760514136186, -110.82557068713118
36.39772197039745, -110.99541617441083
36.38168728418954, -111.16523387089994
36.36566459434641, -111.3350173567792
36.34962012418275, -111.50476571197436
36.333579343903786, -111.67448646434454
36.3175429192941, -111.84420028526465
36.301476781668086, -112.01389572201607
36.28543500219019, -112.18354882667305
36.269419621953425, -112.35311124841972
36.25343253192813, -112.52261812860837
36.23745473146704, -112.69209718930227
36.221456196178714, -112.86158877350688
36.20542079625606, -113.03107674526214
36.18935507076717, -113.20051510908972
36.17332245390638, -113.36990220358008
36.15736203850401, -113.53927130634443
36.14141544328412, -113.70860606160043
36.12545958158575, -113.87790907413041
36.10944349767029, -114.04717332771315
36.093380006756426, -114.21639775415746
36.07737344411854, -114.38558066224586
36.06138024595992, -114.55470191917566
36.04538844410642, -114.72377106715174
36.02940678228278, -114.8928779705772
36.01345662501785, -115.06199749133349
35.99750350040144, -115.23111527876729
35.98154512795547, -115.40018345493542
35.96560105189097, -115.56912493163075
35.9496420864871, -115.7380424720989
35.933614374498084, -115.90696667808604
35.917636954813496, -116.07585815948485
35.90176992752414, -116.24471304489009
35.885862864287326, -116.4135395727062
35.869850330999775, -116.5823162001792
35.853853880652984, -116.75106078315522
35.83790983101151, -116.91978310222692
35.82197387398386, -117.08847162027232
35.80604491596358, -117.25713326739448
35.79009184300927, -117.42575541719702
35.77414708234886, -117.59434675478687
35.758203433829785, -117.76290993333677
35.742274640979545, -117.93143928880953
35.726346325346896, -118.09994067437017
35.71040753018518, -118.26840432358574
35.694474820198565, -118.43683714154048
35.678555457668544, -118.60524342490403
35.66264305753855, -118.77361487447543
35.646720782636876, -118.941952713415
35.63079417214654, -119.1102622410551
35.61488299948553, -119.27853779295097
35.598982137444814, -119.4467865424729
35.583079249118214, -119.61499892333171
35.567163823786416, -119.78317821169111
35.5512579663941, -119.95133040728639
35.53536843971108, -120.1194488637526
35.519481218729936, -120.2875396645128
35.503581755182566, -120.455592718395
35.48768441077689, -120.62361467849988
35.47180108122808, -120.79161017511596
35.4559292633792, -120.95957146257017
35.44004882680968, -121.12749945921293
35.42416017854237, -121.29539872676244
35.408283956342984, -121.46326363379232
35.39239636997868, -121.63131831464827
35.376441331988715, -121.7991820066838
35.36061424016741, -121.96688045371454
35.34486284826441, -122.13453022260076
35.32905442693016, -122.30213721324056
35.3131596403912, -122.46970573313041
35.29727571422901, -122.63724874048488
35.28143294584642, -122.80479468227433
35.26562365881458, -122.97249369416964
35.24980204894979, -123.14025465516131
35.23391580980604, -123.3078522193127
35.21802705181935, -123.47521094605007
35.20220249483844, -123.64248724072216
35.18643966148287, -123.80975034300415
35.17067261173443, -123.976961752221
35.1548372006007, -124.14413229819442
35.13899928089496, -124.3112687873274
35.12322238288265, -124.47793679568615
35.10745202610362, -124.64495487822757
35.09162604502855, -124.81201944439294
35.075824666105156, -124.97905699855181
35.060050037978726, -125.14606181710388
35.0442985434732, -125.31304465851254
35.028510690335004, -125.48002978022795
35.01271454923698, -125.64698394620521
34.996947367385246, -125.81373105545363
34.98124138178962, -125.98029947267736
34.96559460301288, -126.14680891854192
