2.961294057232936, -11.99937137151992
2.961293056289515, -11.999401817972675
2.9612926087205524, -11.999405946228187
2.961303576883263, -11.999388818861334
2.961299537522692, -11.999326272103568
2.9612944284054152, -11.99932045575508
2.9612904344183297, -11.999346981808465
2.9612893236913296, -11.999398433853306
2.9612898939745693, -11.999411671680273
2.9612885089912084, -11.999381396239347
2.9612976920574665, -11.999344672036857
2.9612923435774974, -11.999323976659257
2.961288681842266, -11.999323445637756
2.9612856154650835, -11.999362269506207
2.9612854278335536, -11.999404343322345
2.9612855963338243, -11.999398750530256
2.9612833523271602, -11.99936960372514
2.9612919102749915, -11.999321507496989
2.961287274875775, -11.999312839914337
2.9612830483511923, -11.999328898830605
2.961281336181184, -11.999380303482555
2.9612819467395317, -11.999404554005727
2.961281176550084, -11.999378132528323
2.961290580542675, -11.999344974347979
2.9612855853762685, -11.999310545943704
2.961281722303479, -11.999310659567062
2.9612782267053817, -11.999341655469188
2.96127754391998, -11.999387796360747
2.961277928224254, -11.99939248851842
2.9612762045136396, -11.999363243624522
2.9612852223572186, -11.99931964708247
2.9612803870009863, -11.999303670471255
2.9612760327902294, -11.999310089022272
2.9612736437263885, -11.99935883972356
2.9612740792190353, -11.99939378022307
2.9612738685687847, -11.999374505799706
2.961283521004146, -11.99934396903265
2.961278969482293, -11.999300079447497
2.961274835327716, -11.999299051206592
2.9612710331040852, -11.999321705102687
2.9612697929617418, -11.999369273581072
2.961270230687843, -11.999384157020922
2.961269021846136, -11.999357648308541
2.961278416734151, -11.999319864427441
2.961273049555487, -11.999294531224248
2.9612698466354277, -11.999307095292892
2.9612670762156545, -11.999331606201483
2.961266007961956, -11.999362168143131
2.961265586287464, -11.99936787867687
2.961264044250296, -11.999354439930356
2.9612733781732508, -11.999300064690425
2.961268268444408, -11.999285637327144
2.961264110393886, -11.999298854474123
2.9612621518445095, -11.99934748346106
2.961262576540843, -11.999374876491155
2.9612619705795646, -11.999352856595488
2.9612715431321712, -11.999318313770258
2.9612665664459166, -11.999279309227425
2.9612678005968585, -11.999297876301156
2.9613092742829923, -11.999367994839401
2.961365179681973, -11.99938266089437
2.9614410865793555, -11.999352708916764
2.9615364555758776, -11.999354571776184
2.961656587522393, -11.999376913602514
2.961798281027559, -11.999395346886814
2.961962872916863, -11.999434893413047
2.9621510783491862, -11.99947442247356
2.9623617211998936, -11.999491220658273
2.9625933623728917, -11.999489708887436
2.9628580271355176, -11.999464081773153
2.963131437799108, -11.999481809018413
2.9634271215078845, -11.999520935968102
2.9637466942345045, -11.999595111921927
2.9640899932054428, -11.999649389559801
2.964453559062841, -11.999659155997508
2.96484887778413, -11.999659866214689
2.965249910477892, -11.999654904161957
2.9656728238302263, -11.999704722985163
2.966116961273443, -11.999764525048173
2.966583519419517, -11.999839251251645
2.9670722500604265, -11.999894619892194
2.9675815390676594, -11.99992596599295
2.968123699501525, -11.999909211930149
2.9686726625697952, -11.999939588570344
2.9692665645240264, -12.000010139124592
2.9699439963327854, -12.000122857714866
2.9707270789256093, -12.000212289661977
2.971642644359005, -12.000260905486456
2.972713869562329, -12.000315689870122
2.9739692352562694, -12.000384626363099
2.9754425487202942, -12.00052044606206
2.977136257147756, -12.000674502503273
2.979086221307788, -12.000865040565056
2.9812946412687715, -12.001058329603815
2.983758926942616, -12.00124885611214
2.986522188817752, -12.00142292075105
2.9895669433785566, -12.001630127895698
2.9929145507816486, -12.00191447364418
2.9965587387440125, -12.002246692835376
3.0005125638479515, -12.002604046294264
3.004785559109044, -12.002952160978051
3.0094088791713483, -12.00328956752419
3.014365421663434, -12.003653249912611
3.0197020136404524, -12.00411427092004
3.0254035984272734, -12.004627655722414
3.03145127638768, -12.00518922364213
3.0378799837898782, -12.005755922455267
3.044646001870621, -12.006343912838796
3.051614687106027, -12.006902608598615
3.058772766533179, -12.007360656167755
3.066132140984322, -12.007883121308275
3.0739261543625678, -12.008545924795621
3.0824544422070903, -12.00914344666664
3.0910275135976253, -12.009382036519208
3.0998083632199815, -12.009663168987807
3.1089359446150087, -12.010255725969538
3.118453839734565, -12.011119750472242
3.1283546543254417, -12.012010824910629
3.13864082190517, -12.012818170115185
3.149342805578991, -12.013636605039519
3.160453471841845, -12.014527683543491
3.171938120325594, -12.015494411020805
3.1838100120264223, -12.016465316176358
3.1960636991895512, -12.017400861982859
3.2086984467798763, -12.018369959266996
3.221716093814982, -12.019376343831324
3.2351313868528155, -12.020455483051569
3.2489181506926745, -12.021545990083949
3.2630889445872424, -12.022692754280115
3.2776457267513623, -12.023881609097884
3.2925873841723297, -12.025069919437069
3.307911610863592, -12.02626041472487
3.3236191227896703, -12.027463419561256
3.339707513099389, -12.028707518564595
3.3561934659565162, -12.03001049232185
3.373301553956699, -12.031415707942433
3.3908779010120704, -12.032971906407994
3.408554440126955, -12.034443775342227
3.426410243167519, -12.03582177620568
3.444576145576614, -12.037160591907012
3.4630346306681306, -12.03841750466505
3.4820099591959193, -12.039618353512322
3.501628321055649, -12.040864276576364
3.5215668248415395, -12.042423185178121
3.54184666706531, -12.044261881184774
3.562527115469079, -12.046014823155675
3.5835725755489207, -12.047541072528395
3.605000514510076, -12.049057667453972
3.62682248000782, -12.050720907896359
3.6490213381405847, -12.052510194077339
3.6716094025237127, -12.054334451020488
3.69458075121908, -12.056088938252412
3.7179308129987665, -12.057835946417201
3.7416758244873414, -12.05965362738016
3.7657935059090986, -12.061554189703987
3.7902981964704234, -12.063448472573695
3.8151843987997176, -12.065354345472196
3.840454460057027, -12.067330261348127
3.8661108186052338, -12.069330683654233
3.892162544526218, -12.071314791200805
3.9185831660242636, -12.073316266360496
3.9453887079555683, -12.075400206346858
3.972578731158978, -12.077494715668976
4.000152635762573, -12.079632926219306
4.028111649600217, -12.081809513486862
4.0564552463875065, -12.083996478468451
4.085181891185511, -12.08619147490949
4.114303749194652, -12.088395038029434
4.143794379888054, -12.090615193064512
4.173669895454006, -12.09291843803436
4.203929983161424, -12.095258015484859
4.235210391571217, -12.097660857307266
4.267187731664132, -12.09982089066122
4.298964034666795, -12.101970084717385
4.330677368191383, -12.104441065413598
4.362751042564285, -12.10714292048979
4.395265364696811, -12.109828704733026
4.427677171101648, -12.11228910431618
4.460067168562169, -12.114599659113612
4.492456966829527, -12.117030484745634
4.524852045859859, -12.119631405764109
4.557226016024858, -12.12220921165186
4.589600110616431, -12.124742712542524
4.621966771395105, -12.12720187511856
4.654323727015449, -12.129670808066258
4.686726810583687, -12.132179814536205
4.719141531435006, -12.134698051523067
4.751554309854401, -12.137232758508548
4.783961162296839, -12.139754245131977
4.816361552661655, -12.142255357047926
4.848755736360652, -12.144759192635663
4.881144879049012, -12.14726769883577
4.9135276997059725, -12.149727936153432
4.945902346750429, -12.15222960474733
4.978291528980262, -12.154758331433715
5.010701385442296, -12.157259625825159
5.043148609372483, -12.159779396864634
5.075635087109823, -12.162323051739532
5.10816085579818, -12.164856388320617
5.1407240479899565, -12.167363622233891
5.173323979965008, -12.169875296894777
5.205962629944849, -12.172383502654121
5.23863675280274, -12.17488151173086
5.271361315126037, -12.177446720482816
5.304114239528009, -12.179973857928461
5.336903157777891, -12.182494123864902
5.3697303365318705, -12.185059641415432
5.402601448658963, -12.187646030052568
5.435542959341656, -12.190196723438882
5.4685587710378325, -12.192718040535171
5.501509601237029, -12.195243777337627
5.534540923123496, -12.197780519860691
5.56777143195, -12.200365475657106
5.601078889942469, -12.203016594358601
5.634216441644877, -12.205589541805109
5.667576619623037, -12.208076619618822
5.70106484600623, -12.210548310356414
5.734583710176631, -12.213092931460904
5.768157426875973, -12.215785032279024
5.801773741870866, -12.218499289868118
5.835413735038619, -12.22105360764843
5.869286781570681, -12.223625948475226
5.9029970159788, -12.22624723996314
5.9368417612933, -12.228855679375272
5.970846369170354, -12.231462157043893
6.004971763125208, -12.234130442459488
6.039236406870414, -12.23678650964817
6.073642674951652, -12.239402721987462
6.108179787075704, -12.242018375644038
6.142831836227196, -12.244690216261203
6.17766805771367, -12.247353628674814
6.212474051011144, -12.249992262644275
6.247064030983629, -12.252704899522868
6.28191991966919, -12.25561547241161
6.3172117415633435, -12.258443867432524
6.352624615190271, -12.260996367871474
6.388176537049133, -12.263570113590694
6.4238540471462375, -12.266359661656292
6.45969802807652, -12.269208021675004
6.495698826150767, -12.272001993101586
6.531842409265887, -12.274711550302044
6.568154968446586, -12.277410929870946
6.604605304400488, -12.280178742582628
6.641210651970423, -12.283011644431788
6.677972718086858, -12.285892221904893
6.714909757783523, -12.288734849564252
6.752088724838514, -12.291530108962052
6.789360177651995, -12.2943108638363
6.826525973856876, -12.297184545162017
6.864020308957043, -12.300217574220211
6.901783368353594, -12.303238040511348
6.939448323632862, -12.306040002050185
6.97741851566317, -12.30868111928402
7.0157029978176455, -12.311417070900058
7.054223705656297, -12.314416544912667
7.0928728800330525, -12.317501499215002
7.131672017208191, -12.320531523864156
7.1707738248656145, -12.323544229638241
7.209907932634025, -12.326574819666913
7.24937333160288, -12.329560078391822
7.289125433301862, -12.332463522286192
7.329039317160076, -12.335333322534316
7.369153962283605, -12.338407033035786
7.409521595902479, -12.341643642071217
7.45019305415398, -12.344857733414475
7.49115233786006, -12.34798032687819
7.5323469510538255, -12.35108692278579
7.573680015106567, -12.354191910401974
7.6150259222633645, -12.357243253224707
7.656433002456909, -12.360465134893296
7.698261202998568, -12.363841050010546
7.740411896019573, -12.367092744463248
7.782830759738716, -12.370215168612697
7.825441155025469, -12.373348756485855
7.867983296269807, -12.376597392948094
7.910902708722671, -12.38002511804526
7.953997027033903, -12.383396731110308
7.997097447224395, -12.386530757998207
8.040595354385115, -12.389635150929244
8.084474074529927, -12.392922841050845
8.128610687716913, -12.396348903327285
8.173019672635995, -12.39976385466216
8.217668218256033, -12.403114760934159
8.262544111371843, -12.406394291610338
8.30764889435835, -12.409710168176174
8.353057043336902, -12.413087468410236
8.398334065121126, -12.416406123866564
8.443411014601173, -12.419697594078817
8.488457224841747, -12.422998462455272
8.533553042058717, -12.426261333723621
8.578477039431021, -12.42949859009599
8.623536258696289, -12.43281034250847
8.668372764277438, -12.43604114623455
8.712999474723201, -12.439127722468982
8.757858386503607, -12.442210763459693
8.802670994555758, -12.445318799911071
8.84746476116483, -12.448481324207485
8.89223638265984, -12.451621965869355
8.936980162082657, -12.454649634716853
8.981723558676096, -12.457614026154554
9.026375276347762, -12.46056403476351
9.070889284677488, -12.463485041897645
9.115609787726333, -12.46642288117529
9.16027548147649, -12.46936735613459
9.204918232660583, -12.47223499619702
9.249516853892416, -12.47499169844014
9.29415405820258, -12.477721997115404
9.338817696838184, -12.4804888773117
9.38352208149619, -12.483229213557472
9.428263997535497, -12.48594718479476
9.473046383324014, -12.488663133739848
9.5178697596841, -12.49134146224453
9.562731978899178, -12.493961318294913
9.607568620563177, -12.496551482545465
9.652304903506955, -12.49911426419893
9.697256011425914, -12.50173402739067
9.742086914126629, -12.504404703572796
9.78717002702119, -12.507036849672154
9.832355944299128, -12.509502252466076
9.87761995432901, -12.511877661905357
9.922972979823362, -12.514279767696813
9.968393574506555, -12.516714851584972
10.013831069923418, -12.519170305296004
10.059364417139287, -12.52156524494548
10.105012050442975, -12.523901892585522
10.150773376356454, -12.526262864202149
10.19665134973552, -12.52868164622591
10.242678494997348, -12.531094550436823
10.288850875187391, -12.533480598348225
10.334747666862418, -12.535792984426406
10.380780922369338, -12.538060910788499
10.427063375019742, -12.540388263743479
10.473351479269576, -12.5427277206704
10.519921304200661, -12.545123577172085
10.566646526126236, -12.547545666178868
10.613710183037272, -12.5499520857045
10.660465223236361, -12.552276357842507
10.707298483296023, -12.554689709834973
10.754210483507741, -12.557157024210207
10.801510471098664, -12.559677050778648
10.84902647974321, -12.562095188483708
10.896702458146564, -12.564448084761507
10.944563782132766, -12.566858420756875
10.992617786347822, -12.56928529340897
11.040871470635961, -12.57174406703439
11.089311186226022, -12.574225849168716
11.13787487780385, -12.576689377044877
11.186499873149018, -12.579141244050442
11.235018307633343, -12.581581234360716
11.284043504491573, -12.584034757440634
11.333003701978628, -12.586592347542814
11.381976962002314, -12.58908114848051
11.431377397489278, -12.591467056573418
11.480957248286002, -12.593953391082936
11.530958282499851, -12.596523492784247
11.581195462319387, -12.59906649610358
11.63165974448334, -12.601614321527144
11.682354560915304, -12.604182298034413
11.733278709104287, -12.606748785723166
11.784430666742589, -12.609317558167493
11.835814308185236, -12.611918114997053
11.887448243701105, -12.61454664433682
11.939435240133085, -12.617187438862752
11.991617019554726, -12.619825397019333
12.043757772649853, -12.622372892009233
12.095934618964177, -12.624962477814213
12.148481036862657, -12.627669796162829
12.201475131066747, -12.630376095400567
12.254641254310968, -12.633001753962537
12.308000624455905, -12.63580281579199
12.361517089684176, -12.638543120155045
12.41540322962328, -12.641193092543991
12.469693814742923, -12.643888346245694
12.524342416477086, -12.646642856924842
12.579344957676707, -12.649458396149482
12.634686040481943, -12.652271524720447
12.69033206105902, -12.655059299063922
12.746309832291361, -12.65787727997434
12.802625641473048, -12.660750331877537
12.859256067466346, -12.663635614983944
12.916192678123995, -12.666499964208334
12.973437877119512, -12.66936866894426
13.031010313581888, -12.672286081850707
13.088874653598568, -12.675233321110467
13.146878122458512, -12.678217703123458
13.205304471855731, -12.68119885691623
13.263921165548092, -12.68403672870836
13.322803921401736, -12.68690046311839
13.381919496903812, -12.689930953693642
13.441293938665925, -12.693019347210857
13.50105579934744, -12.696080555706375
13.56128157808426, -12.699208548137753
13.62176742373782, -12.702409432245448
13.6826106025698, -12.70549311717717
13.743725991114498, -12.708464496807071
13.80517176908013, -12.71142920709613
13.867062428717956, -12.714489252425713
13.928843145205438, -12.717645714822075
13.990616189054748, -12.720747938263623
14.052655637317121, -12.723761354513007
14.116401471226709, -12.726633015097216
14.179563184448517, -12.72933891369923
14.242924123168105, -12.732218161748786
14.306539745152145, -12.735399109126268
14.370520679813245, -12.73879181269372
14.434881493114554, -12.742109757707137
14.499632427072122, -12.745250967191744
14.565268532204408, -12.748344383891828
14.631548922344962, -12.75144006551055
14.697991492321885, -12.754851708043159
14.764150405952861, -12.758283995572805
14.830394532224915, -12.76174767087116
14.897349121738474, -12.765401105992478
14.96473058696648, -12.76890573347785
15.032415503909458, -12.77207002320578
15.10051179599942, -12.775153810687305
15.168992518831697, -12.778481019191346
15.237844869444576, -12.782004056806555
15.307065638147291, -12.785478186510334
15.376672340414325, -12.78884725464287
15.446654830758519, -12.792194519252124
15.51701793139874, -12.7956652500945
15.587765843927825, -12.799200357658506
15.65889694690198, -12.802731724264294
15.730408144588843, -12.80624566503008
15.80226012392023, -12.809786878634469
15.874518922364263, -12.813328734264353
15.947286970257993, -12.816889837276438
16.020458651298448, -12.820495368357749
16.094011806060397, -12.82409803215514
16.16794447070219, -12.827705608387644
16.242259641396767, -12.831386936217484
16.316959199700587, -12.835107911248393
16.39204165749381, -12.838796097804405
16.46750464154557, -12.842461966801356
16.543356584071667, -12.846178827637537
16.61958327760934, -12.849903377109175
16.696104693485044, -12.853678810083057
16.773218414584317, -12.857551114803307
16.85062860971428, -12.861265450519184
16.928198608660384, -12.86484855912831
17.006258338708403, -12.86847127045429
17.08459856741415, -12.872216095128472
17.163350201220712, -12.876230721974421
17.242523934755692, -12.880346321089448
17.322074790290277, -12.884334632078653
17.401920752488024, -12.888214280480193
17.48218229176206, -12.892155454247149
17.56283164252475, -12.896403859428569
17.64388452972834, -12.900849439328121
17.725631518593502, -12.905108552331328
17.807097104048225, -12.908928664482424
17.888680483625915, -12.912610149043442
17.97063898624959, -12.916424987273848
18.053039366594742, -12.920503092897608
18.136393796775227, -12.924556875466827
18.219399327790438, -12.92838726998485
18.302302583042515, -12.932344158232905
18.385162316090653, -12.936505002882233
18.467977052451285, -12.940669840784402
18.550763973601097, -12.944736505426974
18.63351776403878, -12.948702327463092
18.71624689871359, -12.952722124336756
18.798955358228522, -12.956806980824318
18.88171398131907, -12.96088321836479
18.96461771912302, -12.96490628234414
19.047429140077742, -12.969003232662534
19.130042380570213, -12.973115030849867
19.212566337760727, -12.977138565821765
19.29506015840191, -12.981144432241676
19.377531470969394, -12.985157963938036
19.45997939196978, -12.989175694661704
19.542405133502687, -12.993251258253927
19.624809623842996, -12.997324226978705
19.707190601387705, -13.001332953646628
19.789586137365, -13.005323650600891
19.871995065354987, -13.0093717422865
19.95468484772256, -13.01343250642842
20.03717846359284, -13.017448036277537
20.119516837798, -13.021440451622176
20.20174185217484, -13.025496100228372
20.28387929784771, -13.029560428077165
20.365987156811027, -13.033598496723119
20.448072693862787, -13.037629690082083
20.529821952471753, -13.041614928425682
20.61173083785595, -13.045709043188882
20.693754549877454, -13.049793150492178
20.775756297124452, -13.053796099186913
20.857738111790194, -13.057743807432805
20.939494196863915, -13.061710528431789
21.021236842305207, -13.065679758513102
21.103090040428924, -13.069604631503678
21.18496076135069, -13.073588629984716
21.26684189071535, -13.07762498860159
21.34869820441073, -13.081655801116144
21.43052862162734, -13.08563461203569
21.512574532475664, -13.08960086841802
21.59430758402806, -13.09354897363951
21.675893341862384, -13.09754219304561
21.75719507895685, -13.101547604396806
21.83837394195094, -13.105449295938246
21.91971702827165, -13.109414399212417
22.001196514891973, -13.1135177182754
22.082673752381307, -13.117600193691239
22.164143455842094, -13.121556279183036
22.24558572459864, -13.125453579626475
22.327002972380114, -13.129417669250678
22.408637545463964, -13.133453848588259
22.49002619620284, -13.137472999187716
22.571277800413185, -13.14139294541926
22.65250220414582, -13.145288655052132
22.733702425200566, -13.149217680969066
22.814405223693683, -13.15318234953592
22.89541436785395, -13.157182919254057
22.976378758758234, -13.16106788781381
23.057405801350257, -13.16490974490642
23.1384464230427, -13.168828458875868
23.219482495676186, -13.172839845225072
23.300508738893406, -13.176844225905977
23.381511147471212, -13.18082930817918
23.46249056184508, -13.184818655130327
23.543447866363348, -13.188782412551785
23.624381047158696, -13.192727932230735
23.705290597832917, -13.196693580468727
23.786177887032554, -13.200672389525941
23.867000109447876, -13.204642173760814
23.947773623596884, -13.208614662553309
24.028526993012527, -13.212570475288912
24.1092574315142, -13.216518564529535
24.189965783808255, -13.220478642137397
24.27065263050806, -13.224448102978338
24.351018861686846, -13.228360664685004
24.43162917009702, -13.23223390872737
24.512238633249584, -13.236165635694242
24.59283022493295, -13.24016206223532
24.673407975598202, -13.244135639469205
24.753955885486647, -13.248040582285656
24.834448719111926, -13.251962737543076
24.914907391624634, -13.255935096725088
24.995334450162755, -13.25989554783686
25.075739970760747, -13.263822606222314
25.15612230336095, -13.267756632086456
25.236361713773494, -13.27171167834179
25.31649367499353, -13.275739975514837
25.396804980474894, -13.279751924608
25.47708618488115, -13.283659891157049
25.557358948869727, -13.287491779835639
25.63761179108924, -13.291360966542316
25.717884167963568, -13.295272042163004
25.798157218287628, -13.299212222137376
25.878448665183786, -13.303188934642899
25.958777334558246, -13.307158871530957
26.039142921806285, -13.311073702606246
26.11954203962052, -13.314962326580659
26.199982658136815, -13.31889534419421
26.280452217140375, -13.322837924646482
26.360958169737092, -13.326814765683972
26.441502047378783, -13.330789554956642
26.522081398668785, -13.334727831018046
26.602695301705403, -13.338656991714547
26.683344779557245, -13.342621466010673
26.76403035388634, -13.346608180516387
26.844752100243937, -13.350567872331832
26.925508592922128, -13.354497350695734
27.006300178957723, -13.358445582242455
27.087126806029914, -13.362419168384452
27.167987820838572, -13.366360116947403
27.248881924381582, -13.370283857990708
27.32981134490843, -13.374240995598546
27.41077803949929, -13.378185978266574
27.491780767802396, -13.382049852121616
27.572817912213623, -13.385852148937971
27.65389070570059, -13.38966521987474
27.73500167070631, -13.393489247347725
27.816150786358502, -13.397247516921784
27.897336423275572, -13.40097450160372
27.978559618115806, -13.404632570306966
28.05981363103568, -13.40821915952934
28.141052793482956, -13.411792326371495
28.222268105067492, -13.415377700031634
28.303454275620894, -13.41889677957557
28.384623584519893, -13.422338069173534
28.46576803281988, -13.425672006402966
28.54688880311084, -13.429005448571006
28.627989095648097, -13.432283162848517
28.709062627682723, -13.435461968211204
28.79012167422064, -13.438559404821751
28.87115990366594, -13.441577161729047
28.95217847421546, -13.444502048529937
29.033170271049396, -13.447350908815883
29.114140683807634, -13.450102158940632
29.195083599869317, -13.452791368102856
29.275995392088014, -13.455376309296446
29.356886868039798, -13.457857925639594
29.437753969117676, -13.460235358351497
29.518593934742633, -13.462492183438826
29.59941556955014, -13.464635905813356
29.680211917152523, -13.466657309122308
29.76099025484505, -13.468543844747911
29.841744120500483, -13.470304684741283
29.92247995317929, -13.471948551250552
30.00319262333731, -13.473473848262158
30.083922548239062, -13.474862832751706
30.16468752179674, -13.476082825664474
30.2454896369567, -13.47710837823161
30.326329614429334, -13.477987945234277
30.40720569837311, -13.478782680042926
30.488116945168237, -13.479475136279207
30.569065606505777, -13.480045600552918
30.650049448703196, -13.480476586247754
30.731069667650463, -13.48076787057977
30.812125163479323, -13.48094276370789
30.893216244602165, -13.480989175618056
30.974342710754577, -13.480922879660895
31.055503870789384, -13.480713550334832
31.136703914768688, -13.480382252054671
31.217969242350495, -13.479932302773511
31.299308615582973, -13.479341269566682
31.380721179366663, -13.478633611561918
31.462206446477538, -13.47780335984697
31.54377255984029, -13.476841885941257
31.625416192816477, -13.475757672706594
31.707141196583738, -13.474555816778317
31.78894233026684, -13.473269590346673
31.87081981406435, -13.47193597021035
31.952772416209605, -13.470554609119043
32.03480291409893, -13.469143187563802
32.11690523056347, -13.467724599635531
32.199082708594446, -13.466254783287152
32.281335425456355, -13.464778548497499
32.36376448724551, -13.463358389301138
32.44642640100252, -13.461999421728834
32.528887807721794, -13.460548048111812
32.61122117337499, -13.459097051879091
32.69370412691821, -13.457723445781834
32.77624955204126, -13.45637537722272
32.85886465038825, -13.45500005963223
32.941554273790935, -13.45359579310562
33.02431733598973, -13.452204216670152
33.10716088504642, -13.450846683388477
33.19011306405876, -13.449489162505177
33.273185026305406, -13.448095363662095
33.35640638270255, -13.44668539750053
33.439842447265455, -13.445302178952742
33.523509081131145, -13.443939536893115
33.60740864254018, -13.442549526632213
33.69157203919031, -13.44112247382423
33.776040412722914, -13.439704092831374
33.860825350745735, -13.43831834516022
33.94595536840773, -13.436925472351687
34.03146372170435, -13.435482088055116
34.117466999007135, -13.434002768280038
34.20338389948556, -13.432519749695215
34.28926759439403, -13.431152755630944
34.37545964564484, -13.429806769293004
34.46203597123452, -13.42838761836289
34.54900234697913, -13.426897673375137
34.63639029282234, -13.425410006187574
34.72423498727521, -13.423961346211664
34.812506595718546, -13.422540425428316
34.90117039773348, -13.42108167195027
34.990519067377406, -13.419628888773351
35.07997581854983, -13.418264193790698
35.169311669871476, -13.416794846643306
35.25866801743929, -13.415196822668358
35.34867238823225, -13.413523161174032
35.43905464945033, -13.411859163651307
35.5297495628351, -13.410303244867665
35.620820651187024, -13.408874582225142
35.71234148930129, -13.407479734294238
35.80427308191353, -13.405935664494882
35.89658670169235, -13.404261887462052
35.98928098060228, -13.402611634264584
36.08235162636772, -13.401069619561879
36.17580252913953, -13.399563987704756
36.26965489247692, -13.398042198495727
36.36387944994475, -13.396521211869276
36.45848939309519, -13.395053409641001
36.553495269883086, -13.393631182471843
36.648880782320994, -13.3921469242642
36.74464727706671, -13.390592250945227
36.84079567720064, -13.389090248877388
36.93720716784155, -13.387650449646106
37.03429631878045, -13.386140882554875
37.1316134685968, -13.384775345343641
37.22920434247776, -13.383515785913126
37.32718974687007, -13.382186696225851
37.4255363326756, -13.38070524174911
37.5242388319329, -13.379184013897927
37.623323623964254, -13.377624529119908
37.722796184127844, -13.376013842862568
37.82264545706337, -13.374437971929533
37.92295863751786, -13.372830235667108
38.023740868757535, -13.37105991409694
38.124705846064344, -13.369185331341052
38.22605022794728, -13.36735586303577
38.32776016522521, -13.365641611316716
38.42982796825349, -13.364063966912338
38.53227662127495, -13.36251252685242
38.63510307912634, -13.360900373180286
38.73830536462195, -13.359269294134522
38.84192445022392, -13.35765014225904
38.9459434978819, -13.356116163264772
39.05034297525179, -13.354594202555178
39.15512161977129, -13.352977604701865
39.260281248179815, -13.351326138750258
39.36582166320558, -13.349751483746669
39.471739313598086, -13.348187057531222
39.57804027638241, -13.346609593657526
39.684721756705656, -13.345058171413326
39.791782976632255, -13.343526027501788
39.89922415459627, -13.34196609219272
40.0070458626165, -13.340377399993928
40.11524803709476, -13.338814231422067
40.22383002174979, -13.337294916906352
40.33279163240895, -13.335766175153092
40.44213340646926, -13.334190316331137
40.55185564571712, -13.33260997611339
40.66195782723973, -13.3310780710094
40.77243941489318, -13.329568396486511
40.88330068001959, -13.328017755167789
40.99454219916987, -13.326431330380393
41.10616381769296, -13.324875040223407
41.218164834608665, -13.323365574526962
41.330545106882354, -13.321841120312877
41.443305222117495, -13.320263542229108
41.55644546374278, -13.318682696828919
41.669965255224255, -13.317154018719359
41.78386405924087, -13.315645193686244
41.898142197846475, -13.314088581922869
42.01280026970078, -13.312494052272848
42.127838073430816, -13.310933628945167
42.24325486942796, -13.309421366907651
42.359050547146936, -13.307888419279486
42.47522574589609, -13.306297021876896
42.59178073356972, -13.30470438581873
42.70871487333985, -13.303168118801167
42.826027624005874, -13.301649210846675
42.94371936530681, -13.300075611580999
43.06179072213611, -13.298462589324409
43.18024143972875, -13.296888549837638
43.29907073452853, -13.295364263977797
43.41827853297402, -13.293813331048822
43.537865532613814, -13.292198841253997
43.65783198265146, -13.290586048130356
43.778177178222755, -13.28903446032089
43.898900574764596, -13.287497569075406
44.02000261699084, -13.285898904552287
44.1414839577615, -13.284259934872185
44.26334428116794, -13.282665709892694
44.38558275586517, -13.281122975316034
44.50819935093612, -13.279547244589766
44.63119482795152, -13.277903022753867
44.75593512236839, -13.276368156953032
44.880582443263684, -13.274861684564751
45.005013160359276, -13.273184959369617
45.12920898997288, -13.271427565559836
45.253209647891865, -13.269720757791418
45.37797921606108, -13.268057176558584
45.503276652630085, -13.266441134591627
45.62896067645614, -13.264815300858926
45.75502196814677, -13.26308881471566
45.88145914923514, -13.261309335800838
46.00827518897543, -13.259538990505817
46.135469097320595, -13.25782971335271
46.26304029455468, -13.25611621837652
46.39119216426882, -13.254321713826844
46.52094650432148, -13.25256395839032
46.65051891694158, -13.250754403801983
46.77986024826005, -13.24890728585735
46.90895825344828, -13.247076732465828
47.03817025755614, -13.245284520272799
47.16822963495436, -13.243510624974276
47.298710926860196, -13.241650337286286
47.42956810334606, -13.239760529265356
47.56046784045493, -13.237872017625135
47.69211244904871, -13.23597810117508
47.82413223021846, -13.234082427163795
47.95654061766421, -13.232210558616588
48.089197790106184, -13.23041125519605
48.222253595501904, -13.228520968526784
48.35569896613209, -13.22648929267182
48.48952071046868, -13.224484615305563
48.62513633740936, -13.222486329382365
48.760823045714034, -13.220380484708203
48.89626272648748, -13.21826293460245
49.031454267709705, -13.21626287667412
49.166401861936194, -13.214287950547337
49.300708820544685, -13.212325268282989
49.43682185655006, -13.210390939640067
49.57333348190481, -13.208523863483348
49.710092165688565, -13.206504400110957
49.84733971236632, -13.20426038242445
49.98483444981363, -13.202063447350087
50.12279010900579, -13.20002418179216
50.26108075239005, -13.197937219606988
50.39974620617485, -13.195733198097447
50.53878901238349, -13.193483506225586
50.67820754209547, -13.191317742816015
50.81800026189308, -13.18916795890739
50.95816760991546, -13.187003045058335
51.09870993648962, -13.184777515898613
51.24028022340368, -13.182504557909548
51.38276835280961, -13.18015887479443
51.52411334983226, -13.177884494619047
51.66596188041984, -13.175798936614884
51.80820021034828, -13.173757783471752
51.950838202673935, -13.171694629998859
52.0938735643177, -13.169597022717463
52.23712455395645, -13.167527255595193
52.3809320703794, -13.165422192514104
52.52528277507028, -13.162972669919318
52.66970553098978, -13.160432235536415
52.81448657227472, -13.15815719455905
52.959642459056944, -13.156076916596936
53.105176852736, -13.153961710945381
53.25135152489667, -13.151763792691778
53.39805398123195, -13.149669129360706
53.544733874949685, -13.147595111304714
53.691760775868914, -13.145339342467244
53.8391502032726, -13.142997967194772
53.98688039543831, -13.140709970362222
54.13466328251548, -13.138514260672151
54.28318770609244, -13.136352254249049
54.43207420074506, -13.134001325827665
54.581347974870745, -13.131463144854713
54.73089184725826, -13.128966448946054
54.880792386889865, -13.126676567371453
55.03109782110184, -13.124615255286763
55.18181912444394, -13.122599188552291
55.33293270330833, -13.120383787768105
55.48445293132712, -13.118011467834133
55.636370679760205, -13.115735289643702
55.788665051809716, -13.113623157439037
55.94133242025013, -13.11153528717166
56.09427599187019, -13.109324672673054
56.24780363419223, -13.107022444349917
56.40162243304907, -13.104625563217024
56.55571391519207, -13.102176032741415
56.71045325472533, -13.09974414728932
56.86680616722927, -13.097545544441521
57.0227710569375, -13.095478698092826
57.17846642637738, -13.093284784603112
57.333922312363455, -13.090939430236736
57.48915113973062, -13.088601686713227
57.645075378817054, -13.086269147688183
57.8017457023359, -13.083957794159828
57.95881470491349, -13.081833107877696
58.11625072819508, -13.079710017320409
58.274589029505364, -13.077487976955291
58.43288112725931, -13.07529003397544
58.59134480051819, -13.072985084556999
58.7499632707896, -13.070551974515862
58.90857233800288, -13.068175777370625
59.06715331066262, -13.065946601022386
59.225701818586195, -13.063759482464738
59.384215847919634, -13.061493035284292
59.542691270243544, -13.059157626116765
59.70024951853562, -13.056858055219063
59.85820900691536, -13.054610385912984
60.01636599850118, -13.052333904384254
60.17475859486851, -13.050013923851086
60.33338871115635, -13.047733742137352
60.491892726558575, -13.045499671295477
60.650224861218, -13.04325279842914
60.80852403770823, -13.040965103121007
60.967292280136284, -13.038691565015062
61.12509139738259, -13.036488668816318
61.283042870612896, -13.034358568683796
61.44104027413245, -13.032146101792783
61.59902134851869, -13.029826740129515
61.756990658265394, -13.027484023379426
61.91486747491192, -13.025236259163732
62.072703804207585, -13.022989344143118
62.230508066230286, -13.02076604659594
62.38827930222427, -13.01854653219127
62.546017564945224, -13.016280345865662
62.703723479799265, -13.013987282333881
62.861396706373014, -13.011730030737196
63.019036485868725, -13.009512881667217
63.176642821702686, -13.007273838859586
63.33421640046321, -13.004987506218425
63.49181010925295, -13.002706555338973
63.6497123392121, -13.00045933999549
63.80615671249642, -12.998223242170853
63.96287267760249, -12.995948513601896
64.11981279266534, -12.993700454483111
64.27699084094431, -12.991509431431842
64.43440577803956, -12.989312221226406
64.59205574395406, -12.987057821447278
64.74953948000547, -12.984802706404
64.90666012943922, -12.982554982366166
65.0637457688211, -12.980314503561889
65.2208013058397, -12.978073029919758
65.37787755100655, -12.975817606142995
65.53493420359854, -12.973557518814212
65.69195690751667, -12.971309172561599
65.84894687542051, -12.969069163143754
66.0059052302486, -12.966816489014073
66.16283253289119, -12.96455194787834
66.31972826600438, -12.962299071469342
66.47575661763257, -12.960126993217022
66.63203856040876, -12.957918189594903
66.78847733603958, -12.955611923501891
66.94513869525059, -12.953212386175448
67.10203296823794, -12.950830064068963
67.25879572671553, -12.948533184842558
67.41540829024065, -12.946331236252435
67.57195760404055, -12.944176736176363
67.72846815348012, -12.941955202568217
67.88494824720291, -12.93968061820635
68.04139773956558, -12.937433596323697
68.19781496371449, -12.93524466838048
68.35419981804417, -12.933055438165066
68.51055311742175, -12.930810742761775
68.66687542881401, -12.928548928509459
68.8231640113586, -12.926338480888841
68.97935369913766, -12.924164186485413
69.13551583393061, -12.921947886913571
69.29164915412532, -12.919681936401068
69.44775279349643, -12.917442627690376
69.60382620091593, -12.915263645873946
69.75986908783533, -12.913078726851921
69.915882034132, -12.910831220648465
70.07186561347928, -12.908569661629365
70.2278194212626, -12.906368322449149
70.38374272597335, -12.904202602108375
70.53963583857086, -12.901988402196745
70.69549959701288, -12.899722343650726
70.85133397084637, -12.897488960835593
71.00713810010636, -12.895320151370496
71.16291172779331, -12.893140465176833
71.3186556691239, -12.890891919537365
71.47437044469201, -12.888631902269985
71.63005543058074, -12.886438954910675
71.78570986540042, -12.884281077349174
71.94133416166581, -12.882067417234872
72.09692922145761, -12.8797999232075
72.25249494827233, -12.877571894502152
72.40803039230902, -12.875412805898925
72.56353533182623, -12.873237459767587
72.71901073399975, -12.870995047886366
72.87445680998395, -12.868740069302646
73.02987330461995, -12.866535814407131
73.18525942217389, -12.864377722461867
73.34061530417308, -12.862182487418215
73.49594180609763, -12.859928243339045
73.65123907715936, -12.85769259355706
73.80650631266492, -12.855524043295409
73.96174307860187, -12.85335984191119
74.11695007874022, -12.851129372722163
74.27212797440649, -12.84887277653285
74.42727630374026, -12.846675627404231
74.58239422041612, -12.844525863222657
74.7374819340148, -12.842332177174255
74.89254037529273, -12.840076042973136
75.04756965220368, -12.837844320740674
75.20256886780466, -12.83568521959609
75.35753759816777, -12.833526438345544
75.51247664678193, -12.831294431082924
75.6673865726984, -12.829051662633791
75.8222670146207, -12.82684445538437
75.97711725643639, -12.824690175853183
76.13193725348076, -12.822512109890512
76.28672781341929, -12.820272628073019
76.44148925020993, -12.81803729164924
76.59622087036546, -12.815866624427972
76.75092210523387, -12.813714202309253
76.90559350050773, -12.811502671014983
77.06023580436845, -12.809253250639056
77.21484873919904, -12.807052013587647
77.36943144122746, -12.804906356658593
77.52398391537521, -12.802731021341318
77.67850705282748, -12.800489692476965
77.83300114560384, -12.7982570507715
77.98746540851732, -12.7960953423698
78.14189926125907, -12.793949412296124
78.29630334316195, -12.791737191379644
78.45067844024831, -12.789487203498414
78.60502419798475, -12.787292780128263
78.75933968246872, -12.785156321684415
78.91362495786119, -12.782983480715618
79.0678810099728, -12.780751899930618
79.22210790473352, -12.778518801917755
79.37630519877408, -12.776345780033216
79.5304722093057, -12.774203893394953
79.68460931321445, -12.772011415496818
79.83871732271852, -12.7697707109448
79.99279614565063, -12.767565948757797
80.14684492606894, -12.76542313592382
80.30086347130994, -12.76326524001747
80.45485260877292, -12.761039757362393
80.6088128014738, -12.758807514321141
80.76274339315975, -12.756642597520399
80.91664367020897, -12.7545079805754
81.0705140938099, -12.752315641076315
81.22435553161466, -12.750073611862799
81.37816782887566, -12.747874375513472
81.53195004787173, -12.745740944599081
81.68570203441496, -12.743586793063963
81.8394247620627, -12.741367263262338
81.99311837864299, -12.739140294632213
82.14678259897703, -12.736964067608575
82.30041668212435, -12.734828783831846
82.4540208196586, -12.732654573770143
82.60759582547152, -12.73042606501355
82.76114178673137, -12.728219544633143
82.91465791640131, -12.726076452012254
83.06814385330892, -12.723932998875688
83.2216003041821, -12.721725418434731
83.3750278598578, -12.719497228427736
83.52842602974104, -12.717328159950139
83.68179403005108, -12.715200738646683
83.83513212165656, -12.713027788169228
83.98844118636676, -12.710797694050328
84.14172126664273, -12.708595436864972
84.2949714890021, -12.706461541069247
84.44819150860651, -12.704323032380254
84.60138212721546, -12.702113965818182
84.7545439476443, -12.699886484993396
84.90767639093745, -12.69772544673659
85.06077862578007, -12.695606302295708
85.21385099270981, -12.69343426031619
85.36689440531596, -12.691216257297523
85.51990877780462, -12.689009361679203
85.67301134824856, -12.68687808269802
85.82600438110109, -12.684784825897829
85.9788245925104, -12.682571220759373
86.1316452199154, -12.680267627630181
86.28449735884246, -12.6780160439625
86.43732877935673, -12.675867843048591
86.59012411653798, -12.67377951349901
86.7428891304832, -12.671622561143531
86.89562517489192, -12.669437519760047
87.0483319823682, -12.66726167030787
87.20100939932229, -12.665113652238599
87.35365739608132, -12.662973192673892
87.50627586645933, -12.660805495929614
87.65886515255504, -12.658617669551537
87.8114251536614, -12.656449090051092
87.96395549999687, -12.654307372769342
88.11645622400864, -12.652155788570179
88.26892774274351, -12.64997545114322
88.4212130047723, -12.647828232092932
88.57361912411994, -12.64576927196517
88.72608596997681, -12.64362557531282
88.87846523437503, -12.641390103842895
89.03076002619405, -12.639223571957166
89.18303373188942, -12.637242884396603
89.33528272851709, -12.63543681567745
89.48748981760514, -12.633764863831264
89.63966905305793, -12.632255322470083
89.79181945212966, -12.630914086533428
89.94394268662745, -12.629706270619794
90.09603747122328, -12.62860309806012
90.2481027953363, -12.627647853993162
90.40013944984292, -12.626846255920885
90.5521478458059, -12.626195868048828
90.7041261509626, -12.625649346193832
90.8560686324959, -12.62519550980793
91.00796783281542, -12.624869186789683
91.1598223402228, -12.624726878033414
91.3116361858516, -12.624769977272488
91.46341040224226, -12.625025219092155
91.61514399394356, -12.625566243331178
91.76683651453732, -12.626447430387236
91.91860352479446, -12.627703573660485
92.07035224270072, -12.629361659632
92.22188706613919, -12.631629811519511
92.3733714523012, -12.63447222706518
92.52482130920711, -12.637656263261405
92.67626320640349, -12.64093077563693
92.82771277830723, -12.644297102315845
92.97913449655954, -12.64803164823435
93.13052000378414, -12.652138153918369
93.28186217641185, -12.656467775103021
93.43314819104958, -12.660989932952717
93.58437484686556, -12.665760219697615
93.73554443488656, -12.670847840366578
93.88666184995293, -12.676355605759563
94.03772002447946, -12.682274039236283
94.18871640476257, -12.688675829278736
94.33983735865453, -12.695569516043609
94.49109420144903, -12.702959110214678
94.64188403713808, -12.710981259788884
94.79228592472532, -12.719499538570007
94.94292072605836, -12.728046778468189
95.09352972699149, -12.73656393387873
95.24406867011966, -12.74585969068353
95.394547527721, -12.756034768965547
95.54491436078524, -12.766818102169859
95.69520440724904, -12.777926690444094
95.84540511324208, -12.78929917642332
95.99544546380326, -12.801075030393887
96.14539089714626, -12.81335614900281
96.29522549795203, -12.826163783111594
96.44499297444449, -12.83949505595625
96.59470041374125, -12.853411802773536
96.74431694351684, -12.868113370912448
96.8938428622727, -12.883648076377709
97.04324227602645, -12.899866920739834
97.19210727979943, -12.916536983806484
97.34116618198287, -12.933532938144772
97.49029040100616, -12.950534802328528
97.63933584602037, -12.967613385361892
97.7882418362544, -12.985578959874962
97.93705754661389, -13.004745391881865
98.08569711709964, -13.024873177457012
98.23419187815868, -13.045796194782882
98.38253146750635, -13.06734782977148
98.53070520344549, -13.089494002603228
98.67870484377555, -13.112392716352502
98.82649377449762, -13.136092469498571
98.97409264040591, -13.160589079965108
99.12151775804979, -13.185896714390589
99.26876963335897, -13.211943953269909
99.41585087819675, -13.238654395974757
99.56273330449187, -13.266043117545856
99.70943060954586, -13.29414640651122
99.85594784832107, -13.323026443228919
100.00225113651456, -13.352665557692655
100.14837117903406, -13.38301723937647
100.29424771487717, -13.414077394819842
100.43992094778768, -13.44588674026614
100.5853963301952, -13.478456347724503
100.73062512405784, -13.511737944263471
100.87564066437278, -13.545724192644588
101.02043635187913, -13.58045770290655
101.16497997188152, -13.61593861401351
101.30929856462643, -13.652155095114946
101.4533601510265, -13.689119461721939
101.59716596077936, -13.726815594041192
101.74073709048507, -13.76523482064952
101.88400728093724, -13.804405939275911
102.02716815726153, -13.844464070293986
102.16986228026947, -13.885302640599543
102.31240175172343, -13.926597015633451
102.45469729374705, -13.968119586166301
102.59679699174501, -14.01020085977407
102.73857869467253, -14.05327547996108
102.88006477229536, -14.097360598071882
103.0212100473301, -14.142263373584823
103.1620468454414, -14.18787074610266
103.30253285470161, -14.234172834845342
103.44293961979277, -14.281447869350655
103.58294966142107, -14.329568413557102
103.72267307374555, -14.37811863546673
103.8619772487202, -14.426749353271807
104.00091804045412, -14.476026694813926
104.13948485335428, -14.52633180291573
104.27772756474363, -14.577437486665083
104.41563879732317, -14.629075595890555
104.55320913744555, -14.68121494658014
104.69026350736213, -14.733940069358622
104.82739580447326, -14.787644340650097
104.96412890990824, -14.84164482245386
105.1004964303745, -14.896082768177388
105.23651333544382, -14.951298469376201
105.37210461863971, -15.007463087844988
105.50726010422184, -15.064505132814435
105.6420243466006, -15.122281179442588
105.77632928493011, -15.180754799471845
105.91006173084547, -15.239888651759495
106.04275443085842, -15.299687745205228
106.17614656035217, -15.360455126403048
106.30935780192105, -15.420514534627129
106.44211756997723, -15.480486559060957
106.57440860775348, -15.541763882524082
106.70618440804402, -15.604346335885765
106.83746678191484, -15.66793571147807
106.96820748567879, -15.732164467183242
107.09857735783807, -15.796981107724525
107.22841183757708, -15.86229645679399
107.35769356508834, -15.928498266875469
107.48644735718673, -15.995636712282623
107.61471801565303, -16.063530506507618
107.74247758263816, -16.132026229696688
107.86971285785039, -16.201219884394646
107.9964254664298, -16.271188854895133
108.12261870900348, -16.341910288001564
108.24828457231497, -16.41332915542455
108.37341151464612, -16.485450685375966
108.49800036313096, -16.558279925941427
108.62203401583596, -16.631823539811638
108.74552513527333, -16.706094276891715
108.86814282981953, -16.78122357166406
108.9904149862882, -16.857334292381527
109.11233570366058, -16.93364330205546
109.23360457709163, -17.0102681308214
109.35431255579357, -17.087858920724006
109.47446534271529, -17.16632303176621
109.59400694826506, -17.245398411626304
109.7129612342424, -17.325030582131212
109.83130602731849, -17.405338339896883
109.94904227414844, -17.486341154903403
110.06617037372524, -17.56802082779455
110.182647698711, -17.65046347093558
110.29842681710055, -17.73405438005585
110.41380134902626, -17.818225437697425
110.52852855567221, -17.9025333027987
110.64285881204427, -17.987133188399614
110.75662311080157, -18.072073083774924
110.869670147327, -18.157766727050987
110.98206164883271, -18.244303715855764
111.09363883367489, -18.33114415308897
111.20518361236617, -18.418694709654932
111.31654079924131, -18.505964459485945
111.42721626736814, -18.593192717661438
111.53743162369004, -18.68143245847586
111.64719316766035, -18.770324052760387
111.7562372032829, -18.85952402242319
111.86452775832792, -18.949431313259115
111.97223073925477, -19.04014738228296
112.07930224401353, -19.13127268747592
112.18567515215494, -19.222855596321008
112.2914242079104, -19.31509437541969
112.39649470995343, -19.407650306948625
112.50064674950784, -19.500132715442632
112.60480550680313, -19.593510745506084
112.70939483886451, -19.686707260613
112.81338941606104, -19.77921632271448
112.91631123493679, -19.873025140861
113.01888203908891, -19.968036074261956
113.12036187721897, -20.06284905684616
113.2207897634975, -20.158890161671938
113.3211889060183, -20.255733164910332
113.42089802521862, -20.35182378390188
113.51919425422193, -20.448799343864387
113.61705933886577, -20.547553173420344
113.71489467045168, -20.645674347647347
113.81154617917993, -20.743373205626096
113.9071478917623, -20.842948711447498
114.00263376385828, -20.943128802985303
114.09721923299419, -21.04262249783032
114.19059410931986, -21.14328063682794
114.28361067707422, -21.245078908288466
114.37604044401682, -21.346317587679554
114.46730905375492, -21.44810904798427
114.55781315794891, -21.551225185090896
114.64787621283752, -21.654297997930257
114.73702456192731, -21.757418481981148
114.82518990478239, -21.861538188931302
114.91274632221203, -21.966239125461684
114.99956066254137, -22.07095360911998
115.0854761004899, -22.176189305986927
115.17059152867483, -22.282146041989165
115.25501252727257, -22.388339388257673
115.33865642254541, -22.494823483944693
115.42153777676761, -22.601786364949792
115.50372093201145, -22.70909264759664
115.58518977112381, -22.81668960376494
115.66591712597554, -22.92465154503231
115.74592587801584, -23.03297453554356
115.82520757934101, -23.141595550339048
115.9037687388259, -23.25055399460932
115.98160252728185, -23.359815134783442
116.05870384622673, -23.469397661965722
116.13509026082974, -23.579284079268973
116.21074270895554, -23.68945029153179
116.28566860810447, -23.799927246759204
116.35985737445041, -23.910680295658594
116.43331182523966, -24.02173916666483
116.50604585122065, -24.13307590395962
116.57806875653252, -24.244655083058166
116.6493378927475, -24.356523387489297
116.7198645571191, -24.468676596647775
116.7896645300305, -24.581088933340812
116.85873471813788, -24.693741239567053
116.92706710862856, -24.806647462732453
116.99466506228963, -24.91981720954018
117.06152895976642, -25.033213675441633
117.12768068582979, -25.146826469803802
117.19312263509498, -25.260653898551542
117.25785907529938, -25.37468921288785
117.3218879951103, -25.488925930594334
117.38519129964912, -25.603376205730633
117.44777991652269, -25.718034746501758
117.50963722523159, -25.83290046261455
117.57073479130638, -25.947981721642748
117.63110650544441, -26.063266735555914
117.69072843709877, -26.178742052420617
117.74959661212563, -26.294427888425552
117.80770880001977, -26.410306875299668
117.86505542119981, -26.52638496265209
117.92164927355614, -26.64266214075577
117.97750366706971, -26.75916610916589
118.03260696589224, -26.875932251746594
118.0869743450128, -26.993012639516607
118.1406690089088, -27.110434271222214
118.19367924263273, -27.22821550459019
118.24591372650089, -27.34636831868574
118.29734177894011, -27.464898796719552
118.34806503754339, -27.583744847599135
118.39819077254337, -27.702834386788563
118.44777886655099, -27.82213192501022
118.49694310639951, -27.941591967340983
118.54573123816257, -28.061188475461176
118.59425451460848, -28.180873237897096
118.6425653303977, -28.300603992670066
118.69072504191978, -28.420376108290462
118.7387943001977, -28.540134889172773
118.78680168039787, -28.65988764174314
118.83471935904082, -28.779639437954987
118.88259484980324, -28.89935392248556
118.93040222309946, -29.019027828159206
118.97800520841466, -29.13875352188094
119.02537130957427, -29.25854427157735
119.07259015581282, -29.37836611007769
119.11965575320421, -29.498199378427522
119.16650763969928, -29.618079789949885
119.2130978717233, -29.73804952154544
119.25947978648414, -29.85805995899531
119.30571699920299, -29.978066033705108
119.3517575171487, -30.09807825235117
119.3974377511727, -30.21819256219591
119.44273310836601, -30.33841866039327
119.48769670433273, -30.458741677268378
119.53238520395608, -30.579130047888878
119.57685174578896, -30.69957421692644
119.62105559053968, -30.820069548004398
119.66497801826934, -30.940651935918346
119.70870434099959, -31.06124233148409
119.75219819756782, -31.181850307444662
119.79539858990735, -31.302513480032676
119.83822200718423, -31.423269168984017
119.8806332654006, -31.544122052442706
119.92259683282055, -31.665090269141764
119.9641249671072, -31.786167479864368
120.00521835996314, -31.907347531747536
120.04587607498982, -32.02864017206343
120.0860373775649, -32.150066321572304
120.12571020098258, -32.271622492490465
120.16489953056895, -32.3933101346251
120.20359141483851, -32.51512351154894
120.241805063218, -32.63705174201174
120.2795218875902, -32.759114750628946
120.31675613744613, -32.88129304571979
120.35349989421474, -33.003585037494766
120.38974501567837, -33.126004509710384
120.42548915020951, -33.248544580429225
120.46074221311898, -33.371186345030566
120.49551552602246, -33.49390347710564
120.52978244723673, -33.6167310304252
120.56359371323953, -33.739641562797836
120.59688263416882, -33.86266827081353
120.62964597624055, -33.98581003238491
120.66187621906276, -34.109053955244605
120.69357552315378, -34.232381803095286
120.7247279936076, -34.3557897670958
120.75534780150399, -34.47927482576609
120.78544659664931, -34.60283082563966
120.81499308706947, -34.72646917258041
120.84396257162287, -34.85018601385574
120.87229558015017, -34.97400466109002
120.8999884331756, -35.09791252792644
120.92704385508985, -35.22192090586151
120.95347870535657, -35.34600834863935
120.97929803741022, -35.470184122961314
121.0044680908387, -35.59443959367354
121.02900025289927, -35.71877833572648
121.05289966136712, -35.84317817020712
121.07614566270966, -35.96765338370672
121.09868816039027, -36.09220600571988
121.12050506258485, -36.21683780088554
121.14159698671597, -36.34154524912248
121.16197153310809, -36.46632272708029
121.18162162767568, -36.591167714513126
121.2005299697691, -36.71608018059104
121.21871724828706, -36.84105219159948
121.23615080276602, -36.96608631743983
121.25282852049534, -37.09118067738537
121.26876291312894, -37.21633091146416
121.28392477048816, -37.341534087709675
121.29834751942322, -37.46683114370349
121.31203434419936, -37.59223234904337
121.32493716689578, -37.717729218194194
121.33706559814172, -37.843322754195356
121.34840995003623, -37.969012838472736
121.35898597419333, -38.094785547021935
121.3687704030209, -38.220645851109296
121.37776773333009, -38.346582729093264
121.3859701853954, -38.47260953230305
121.39339284752775, -38.59874267368503
121.40003275270585, -38.72498164038542
121.40587624500272, -38.851323906259715
121.41092870406425, -38.97776092167876
121.4151881051317, -39.10429015503942
121.41863803382559, -39.23090812596275
121.42126992367457, -39.35762325364674
121.4230662731996, -39.484487784871924
121.4239732704995, -39.61151708676304
121.42401018570726, -39.738696218139175
121.4233019944822, -39.86602061767599
121.42196872306675, -39.99347657782698
121.42020966380106, -40.121056238401664
121.41808779069189, -40.248758241388884
121.41556708998549, -40.376574872732256
121.41270827767062, -40.504505584231595
121.40956108701845, -40.63254743154598
121.40615953460004, -40.76069818514186
121.40263823026719, -40.888959311453895
121.39906022830813, -41.01735725577294
121.3954186511529, -41.145902583686016
121.39175815235406, -41.27459426152456
121.3881291252937, -41.40343491003457
121.38451774094963, -41.532421059669566
121.38091144035444, -41.66155268508848
121.37732915675547, -41.79083212730955
121.37377834875048, -41.920258655898174
121.37027517203293, -42.04983484265482
121.36680206223832, -42.17955788239757
121.36331317739402, -42.30942762324745
121.35977526861117, -42.439442694570474
121.35622767139294, -42.56960432688921
121.35270310562562, -42.699913922035435
121.34914043613848, -42.83036986012783
121.34559252343769, -42.960972898942096
121.34208201256232, -43.09172434857948
121.33855326763302, -43.222622538311526
121.33496769569706, -43.35366601269125
121.33137032038238, -43.48485655975827
121.32778806919453, -43.61619561944029
121.32419233836421, -43.74767908349953
121.32064006543364, -43.87931094784958
121.31709801057572, -44.011090814480106
121.31350481644006, -44.14303897393832
121.3098737244559, -44.275186604085775
121.30627095131513, -44.40756151987752
121.30264450805907, -44.54016926047601
121.29903961282704, -44.673055510987595
121.29545893854429, -44.80624360761043
121.29184206000855, -44.93973450720905
121.28817522707145, -45.073577900253305
121.28450416050683, -45.20780158162196
121.28086691674083, -45.342404713696084
121.27723175533049, -45.47738643290371
121.2735448478627, -45.612744596474066
121.26981860402695, -45.7484793387179
121.26611439498117, -45.88459281999457
121.26240950178673, -46.02108578389234
121.2586642072509, -46.15795402037416
121.25494048429341, -46.29520080250789
121.25125159199695, -46.4328268452914
121.24753536760511, -46.57082990228031
121.24375920166227, -46.70920812112399
121.23997520508145, -46.84796263092304
121.23618401503774, -46.98709357499935
121.2324109200026, -47.126601611761025
121.22866377213656, -47.266488645816196
121.2248788438919, -47.40674853209561
121.22104498110244, -47.54738573364591
121.21722714926905, -47.68839853139143
121.2134347498737, -47.829788967058555
121.20960653608043, -47.97155466292654
121.20579189734573, -48.113697253211306
121.20198967258163, -48.25621685918216
121.19816029625314, -48.399112060444985
121.19429268496907, -48.542382217392415
121.19042422984141, -48.68602851181928
121.18652069890427, -48.83005113880661
121.18263955073569, -48.97444925449034
121.17878174037266, -49.119224583859534
121.17488019585522, -49.26437450273987
121.17099150321465, -49.40990084906459
121.1671229431415, -49.55580406262412
121.16323058416019, -49.70208261814331
121.15929323900801, -49.84873550341935
121.15534931420986, -49.99576387290983
121.15137524541478, -50.14316829485086
121.14743104480743, -50.29094809134984
121.14349255845107, -50.43910411147819
121.13953136189158, -50.587635026381705
121.13558592786849, -50.73654217631453
121.13164181981897, -50.88582516870869
121.1276645819424, -51.03548269003659
121.12365830347301, -51.18551464314428
121.11965539736403, -51.33592335924537
121.11560750591637, -51.486704695350454
121.11159881520386, -51.637862546416265
121.10759209936909, -51.78939607820467
121.10355526957751, -51.941303786531726
121.09953559144493, -52.0935872809322
121.0955253050295, -52.24624644458492
121.09148320784232, -52.399279777163876
121.08740432600132, -52.55268683910856
121.08332487609576, -52.706470031570895
121.07920703532929, -52.860625602756585
121.07513467672504, -53.01515746875624
121.07105971962203, -53.17006442680021
121.0669467597547, -53.32534481605989
121.06285301307193, -53.481000555001685
121.05877746461951, -53.63703179902393
121.05467103749066, -53.79343682119438
121.05051925251692, -53.95021481830166
121.0463680326402, -54.10736720708806
121.04218948950773, -54.26489442705267
121.03803451156595, -54.42279546151596
121.03389528535094, -54.58107166992238
121.02970842812391, -54.739720557855826
121.02554105208698, -54.89874428414529
121.02140014817812, -55.05814331901594
121.01723080286898, -55.21791579281157
121.01300845883796, -55.37806053657293
121.00878163478578, -55.53857899906464
121.00453361122155, -55.69947200228209
121.00032267162625, -55.86081608540616
120.99618202821681, -56.02242388483439
120.99197576408766, -56.18387800310464
120.98763903811576, -56.34555170911623
120.98328653601688, -56.507596076649264
120.97904800333924, -56.67002170217268
120.9748731365133, -56.83288517429629
120.97057500096729, -56.996184668155784
120.96620754930171, -57.159894778729615
120.961879270412, -57.323986253119934
120.95758183695239, -57.48845065482396
120.95328635757532, -57.653288023826555
120.94893836307003, -57.81849719477936
120.94453790211423, -57.98407784296979
120.940135319855, -58.15003277842011
120.93572283030957, -58.316359324933096
120.93135426481578, -58.48306063393751
120.92696122347104, -58.650072105252114
120.92260206107981, -58.817669149816744
120.91808637734788, -58.98554697365248
120.91345119081882, -59.15369081536856
120.9088796905102, -59.32213941159287
120.90450919824926, -59.49084057749466
120.90027740062762, -59.65984615941438
120.89605543262391, -59.82915722616837
120.89178269852422, -59.998890790695064
120.88738123541083, -60.16879044411767
120.88298621064388, -60.33854745144742
120.87868736350804, -60.508579041935626
120.87444081012148, -60.678991932679146
120.8701051152274, -60.84986037715688
120.86574720445486, -61.021129491396316
120.86139977572563, -61.19278186668936
120.85706737042887, -61.364837311739905
120.85264340597475, -61.53727481837301
120.84819504886512, -61.71008296734974
120.84379445098949, -61.88326481673758
120.83945583705344, -62.05681976451794
120.83508598388944, -62.23074630450551
120.8306131505077, -62.40504147664066
120.8261177828506, -62.57970767392657
120.82165880589902, -62.754746825732646
120.8172423683625, -62.93010705294681
120.81274571893238, -63.106006220045785
120.80832370011666, -63.282226112262066
120.80400625605562, -63.45871610290699
120.79964939655635, -63.63557447525998
120.79515867130925, -63.8127742205646
120.79048334873842, -63.99034147489294
120.78571427228722, -64.16830721376371
120.78089721076218, -64.34665925819804
120.77609808856842, -64.5253853912212
120.7713505318835, -64.70448335901766
120.7666258576046, -64.88395359448852
120.7618093681837, -65.06379239626999
120.75691783748584, -65.24399961466302
120.75198007240282, -65.42457630056995
120.74708990268515, -65.60552669626848
120.74219614833578, -65.78684708044905
120.73727132758928, -65.96853765085639
120.73229486961979, -66.15059745345438
120.72729307693828, -66.33302704152615
120.72230011989168, -66.51582764157178
120.71729615269147, -66.69899867389695
120.71224212568882, -66.88253867712412
120.70715117228987, -67.06644781198274
120.70203464285352, -67.25072651472489
120.6969109052527, -67.43537517488586
120.6918214362855, -67.62039692400795
120.68668974179165, -67.80578631611878
120.68155355104449, -67.99154578128105
120.67642099395013, -68.17767569571362
120.67126559177474, -68.36417508805509
120.66607186274537, -68.55104319085325
120.66086296940743, -68.7382806723828
120.65559948694721, -68.92588611659988
120.65037464583595, -69.11386255112404
120.64515236072641, -69.30221051295804
120.63991237427965, -69.49092631976418
120.63466961101979, -69.68001178895166
120.62941400597771, -69.86946654146648
120.62413298459853, -70.0592900023405
120.61883388916097, -70.2494822933648
120.61348300045773, -70.44004217320123
120.60813986475223, -70.6309713499288
120.602819024053, -70.82227210886846
120.59751480331944, -71.0139415296484
120.59220148200951, -71.20598006120295
120.58684035134665, -71.3983860805702
120.58145055794192, -71.5911599880082
120.57604410714585, -71.78430227866518
120.57063416977164, -71.97781315701155
120.56524481842037, -72.17169510745173
120.5598457248734, -72.36594424706665
120.55445784155681, -72.56056265455398
120.54905272852304, -72.75554930416196
120.5436093202059, -72.95090321856753
120.53815074966244, -73.14662503720432
120.53264309301063, -73.34271353464408
120.52717636833813, -73.53917298126188
120.52171059146794, -73.73599974760639
120.51625365575305, -73.9331952068938
120.51078715021103, -74.13075873209299
120.5052861965364, -74.32868925413081
120.49976367440941, -74.5269870236269
120.49420028754959, -74.72565107251907
120.48865261243834, -74.9246719273512
120.48313746094097, -75.12390184713777
120.47759731434263, -75.32331551648514
120.47206713725018, -75.52275229367773
120.46660785228647, -75.72215423265247
120.4611546377742, -75.92152024987534
120.4556596513597, -76.12084841179406
120.45013449826153, -76.3201387725939
120.44463203379064, -76.51939325329127
120.43915516986483, -76.71861226046194
120.43365892116906, -76.91779413787248
120.4281307366277, -77.11693823455008
120.42259894876881, -77.31604691046256
120.41705712651951, -77.51511713728947
120.41157779827412, -77.71415299106381
120.40609411849937, -77.91315224295852
120.40062145924313, -78.11211534847557
120.39514763335784, -78.31104192666571
120.38966204951505, -78.51013196093633
120.38413875953387, -78.70949007579182
120.37859087653466, -78.90864338775526
120.37309916539765, -79.10752444795611
120.3676447460677, -79.30612114710726
120.36220221385895, -79.50442712187234
120.35674050425138, -79.70267714355752
120.3512517367551, -79.90110398924605
120.34576479141619, -80.09953014584273
120.34030425197074, -80.29791902971328
120.33485074176744, -80.49626865326043
120.32937247380798, -80.69457857954801
120.3238788228296, -80.89284919192387
120.31840588188986, -81.09108181620253
120.31293705454105, -81.28927723751227
120.30754454499765, -81.48668834235156
120.30219677486336, -81.68449707912147
120.2966622816093, -81.88245207422787
120.29100926003723, -82.08060638824757
120.28539969967188, -82.27881722515079
120.27993456781236, -82.47683919829214
120.27454683037318, -82.67484078460926
120.26912352387984, -82.87279761723816
120.26366230027101, -83.07071322747643
120.25819305865242, -83.26859011974025
120.25275213286452, -83.46642955670134
120.24732630511306, -83.6642312244593
120.24187511770553, -83.86199351471599
120.23640592813547, -84.05971733494361
120.23096820867016, -84.25740293329285
120.22556500159095, -84.45505145614935
120.22013443115505, -84.65259534065517
120.21466287462741, -84.850100196032
120.20920587812058, -85.0475699981764
120.20373389040402, -85.24500269161706
120.19830581544471, -85.44240034458991
120.19288137760422, -85.63976338369694
